{
 "cells": [
  {
   "cell_type": "markdown",
   "id": "6c017662",
   "metadata": {},
   "source": [
    "# Análise Bivariada - Student Habits vs Academic Performance"
   ]
  },
  {
   "cell_type": "markdown",
   "id": "2477b9f9",
   "metadata": {},
   "source": [
    "# Importação das bibliotecas e funções"
   ]
  },
  {
   "cell_type": "code",
   "execution_count": 7,
   "id": "8a563ba6",
   "metadata": {},
   "outputs": [],
   "source": [
    "import sys\n",
    "import os\n",
    "import pandas as pd\n",
    "import numpy as np\n",
    "import matplotlib.pyplot as plt\n",
    "\n",
    "# pega a pasta raiz do projeto (uma pasta acima de onde está este notebook)\n",
    "proj_root = os.path.abspath(os.path.join(os.getcwd(), \"..\"))\n",
    "sys.path.append(proj_root)\n",
    "# importamos as funções feitas em python da análise univariada\n",
    "from src.funcoes_analise_bi import *"
   ]
  },
  {
   "cell_type": "markdown",
   "id": "78df40a6",
   "metadata": {},
   "source": [
    "# Carregando os dados..."
   ]
  },
  {
   "cell_type": "code",
   "execution_count": 8,
   "id": "54ec3820",
   "metadata": {},
   "outputs": [],
   "source": [
    "caminho_csv = os.path.join(\"..\", \"dados\", \"student_habits_preprocessed.csv\")\n",
    "df = carregar_dados(caminho_csv)"
   ]
  },
  {
   "cell_type": "code",
   "execution_count": 9,
   "id": "2d1e7a22",
   "metadata": {},
   "outputs": [
    {
     "name": "stdout",
     "output_type": "stream",
     "text": [
      "✅ Análise bivariada concluída! Scatter plots e correlação salvos.\n"
     ]
    },
    {
     "data": {
      "text/html": [
       "<div>\n",
       "<style scoped>\n",
       "    .dataframe tbody tr th:only-of-type {\n",
       "        vertical-align: middle;\n",
       "    }\n",
       "\n",
       "    .dataframe tbody tr th {\n",
       "        vertical-align: top;\n",
       "    }\n",
       "\n",
       "    .dataframe thead th {\n",
       "        text-align: right;\n",
       "    }\n",
       "</style>\n",
       "<table border=\"1\" class=\"dataframe\">\n",
       "  <thead>\n",
       "    <tr style=\"text-align: right;\">\n",
       "      <th></th>\n",
       "      <th>age</th>\n",
       "      <th>study_hours_per_day</th>\n",
       "      <th>social_media_hours</th>\n",
       "      <th>netflix_hours</th>\n",
       "      <th>attendance_percentage</th>\n",
       "      <th>sleep_hours</th>\n",
       "      <th>exercise_frequency</th>\n",
       "      <th>mental_health_rating</th>\n",
       "      <th>exam_score</th>\n",
       "    </tr>\n",
       "  </thead>\n",
       "  <tbody>\n",
       "    <tr>\n",
       "      <th>age</th>\n",
       "      <td>1.000000</td>\n",
       "      <td>0.003971</td>\n",
       "      <td>-0.009151</td>\n",
       "      <td>-0.001174</td>\n",
       "      <td>-0.026055</td>\n",
       "      <td>0.037482</td>\n",
       "      <td>-0.003836</td>\n",
       "      <td>-0.045101</td>\n",
       "      <td>-0.008907</td>\n",
       "    </tr>\n",
       "    <tr>\n",
       "      <th>study_hours_per_day</th>\n",
       "      <td>0.003971</td>\n",
       "      <td>1.000000</td>\n",
       "      <td>0.020282</td>\n",
       "      <td>-0.031158</td>\n",
       "      <td>0.026264</td>\n",
       "      <td>-0.027757</td>\n",
       "      <td>-0.028701</td>\n",
       "      <td>-0.003768</td>\n",
       "      <td>0.825419</td>\n",
       "    </tr>\n",
       "    <tr>\n",
       "      <th>social_media_hours</th>\n",
       "      <td>-0.009151</td>\n",
       "      <td>0.020282</td>\n",
       "      <td>1.000000</td>\n",
       "      <td>0.011477</td>\n",
       "      <td>0.040479</td>\n",
       "      <td>0.018236</td>\n",
       "      <td>-0.037319</td>\n",
       "      <td>0.001496</td>\n",
       "      <td>-0.166733</td>\n",
       "    </tr>\n",
       "    <tr>\n",
       "      <th>netflix_hours</th>\n",
       "      <td>-0.001174</td>\n",
       "      <td>-0.031158</td>\n",
       "      <td>0.011477</td>\n",
       "      <td>1.000000</td>\n",
       "      <td>-0.002092</td>\n",
       "      <td>-0.000935</td>\n",
       "      <td>-0.006448</td>\n",
       "      <td>0.008034</td>\n",
       "      <td>-0.171779</td>\n",
       "    </tr>\n",
       "    <tr>\n",
       "      <th>attendance_percentage</th>\n",
       "      <td>-0.026055</td>\n",
       "      <td>0.026264</td>\n",
       "      <td>0.040479</td>\n",
       "      <td>-0.002092</td>\n",
       "      <td>1.000000</td>\n",
       "      <td>0.013756</td>\n",
       "      <td>-0.007857</td>\n",
       "      <td>-0.018745</td>\n",
       "      <td>0.089836</td>\n",
       "    </tr>\n",
       "    <tr>\n",
       "      <th>sleep_hours</th>\n",
       "      <td>0.037482</td>\n",
       "      <td>-0.027757</td>\n",
       "      <td>0.018236</td>\n",
       "      <td>-0.000935</td>\n",
       "      <td>0.013756</td>\n",
       "      <td>1.000000</td>\n",
       "      <td>0.019769</td>\n",
       "      <td>-0.006508</td>\n",
       "      <td>0.121683</td>\n",
       "    </tr>\n",
       "    <tr>\n",
       "      <th>exercise_frequency</th>\n",
       "      <td>-0.003836</td>\n",
       "      <td>-0.028701</td>\n",
       "      <td>-0.037319</td>\n",
       "      <td>-0.006448</td>\n",
       "      <td>-0.007857</td>\n",
       "      <td>0.019769</td>\n",
       "      <td>1.000000</td>\n",
       "      <td>-0.000242</td>\n",
       "      <td>0.160107</td>\n",
       "    </tr>\n",
       "    <tr>\n",
       "      <th>mental_health_rating</th>\n",
       "      <td>-0.045101</td>\n",
       "      <td>-0.003768</td>\n",
       "      <td>0.001496</td>\n",
       "      <td>0.008034</td>\n",
       "      <td>-0.018745</td>\n",
       "      <td>-0.006508</td>\n",
       "      <td>-0.000242</td>\n",
       "      <td>1.000000</td>\n",
       "      <td>0.321523</td>\n",
       "    </tr>\n",
       "    <tr>\n",
       "      <th>exam_score</th>\n",
       "      <td>-0.008907</td>\n",
       "      <td>0.825419</td>\n",
       "      <td>-0.166733</td>\n",
       "      <td>-0.171779</td>\n",
       "      <td>0.089836</td>\n",
       "      <td>0.121683</td>\n",
       "      <td>0.160107</td>\n",
       "      <td>0.321523</td>\n",
       "      <td>1.000000</td>\n",
       "    </tr>\n",
       "  </tbody>\n",
       "</table>\n",
       "</div>"
      ],
      "text/plain": [
       "                            age  study_hours_per_day  social_media_hours  \\\n",
       "age                    1.000000             0.003971           -0.009151   \n",
       "study_hours_per_day    0.003971             1.000000            0.020282   \n",
       "social_media_hours    -0.009151             0.020282            1.000000   \n",
       "netflix_hours         -0.001174            -0.031158            0.011477   \n",
       "attendance_percentage -0.026055             0.026264            0.040479   \n",
       "sleep_hours            0.037482            -0.027757            0.018236   \n",
       "exercise_frequency    -0.003836            -0.028701           -0.037319   \n",
       "mental_health_rating  -0.045101            -0.003768            0.001496   \n",
       "exam_score            -0.008907             0.825419           -0.166733   \n",
       "\n",
       "                       netflix_hours  attendance_percentage  sleep_hours  \\\n",
       "age                        -0.001174              -0.026055     0.037482   \n",
       "study_hours_per_day        -0.031158               0.026264    -0.027757   \n",
       "social_media_hours          0.011477               0.040479     0.018236   \n",
       "netflix_hours               1.000000              -0.002092    -0.000935   \n",
       "attendance_percentage      -0.002092               1.000000     0.013756   \n",
       "sleep_hours                -0.000935               0.013756     1.000000   \n",
       "exercise_frequency         -0.006448              -0.007857     0.019769   \n",
       "mental_health_rating        0.008034              -0.018745    -0.006508   \n",
       "exam_score                 -0.171779               0.089836     0.121683   \n",
       "\n",
       "                       exercise_frequency  mental_health_rating  exam_score  \n",
       "age                             -0.003836             -0.045101   -0.008907  \n",
       "study_hours_per_day             -0.028701             -0.003768    0.825419  \n",
       "social_media_hours              -0.037319              0.001496   -0.166733  \n",
       "netflix_hours                   -0.006448              0.008034   -0.171779  \n",
       "attendance_percentage           -0.007857             -0.018745    0.089836  \n",
       "sleep_hours                      0.019769             -0.006508    0.121683  \n",
       "exercise_frequency               1.000000             -0.000242    0.160107  \n",
       "mental_health_rating            -0.000242              1.000000    0.321523  \n",
       "exam_score                       0.160107              0.321523    1.000000  "
      ]
     },
     "execution_count": 9,
     "metadata": {},
     "output_type": "execute_result"
    }
   ],
   "source": [
    "\"\"\"\n",
    "Realiza a análise bivariada entre todos os pares de preditores numéricos.\n",
    "Gera:\n",
    "    - Scatter plots entre todas as combinações de preditores.\n",
    "    - Matriz de correlação entre os preditores.\n",
    "\"\"\"\n",
    "\n",
    "\n",
    "analise_bivariada(df, \"performance_class\", \"resultados/figuras_bivariada\", \"resultados/tables_bivariada\")"
   ]
  },
  {
   "cell_type": "code",
   "execution_count": null,
   "id": "429d5eba",
   "metadata": {},
   "outputs": [],
   "source": []
  }
 ],
 "metadata": {
  "kernelspec": {
   "display_name": "Python (venv_rocha)",
   "language": "python",
   "name": "venv_rocha"
  },
  "language_info": {
   "codemirror_mode": {
    "name": "ipython",
    "version": 3
   },
   "file_extension": ".py",
   "mimetype": "text/x-python",
   "name": "python",
   "nbconvert_exporter": "python",
   "pygments_lexer": "ipython3",
   "version": "3.13.7"
  }
 },
 "nbformat": 4,
 "nbformat_minor": 5
}
