{
 "cells": [
  {
   "cell_type": "markdown",
   "id": "06568c06",
   "metadata": {},
   "source": [
    "# Implementação PCA e Análise Multivariada"
   ]
  },
  {
   "cell_type": "markdown",
   "id": "37463786",
   "metadata": {},
   "source": [
    "## Preparação"
   ]
  },
  {
   "cell_type": "markdown",
   "id": "5b0877bc",
   "metadata": {},
   "source": [
    "### Carregamento das Bibliotecas"
   ]
  },
  {
   "cell_type": "code",
   "execution_count": 3,
   "id": "977cd72f",
   "metadata": {},
   "outputs": [],
   "source": [
    "import sys\n",
    "import os\n",
    "import pandas as pd\n",
    "import numpy as np\n",
    "import matplotlib.pyplot as plt"
   ]
  },
  {
   "cell_type": "markdown",
   "id": "ee40462e",
   "metadata": {},
   "source": [
    "### Carregamentos dos Dados"
   ]
  },
  {
   "cell_type": "code",
   "execution_count": 5,
   "id": "9999697d",
   "metadata": {},
   "outputs": [],
   "source": [
    "df = pd.read_csv(\"../dados/student_habits_performance.csv\")\n"
   ]
  },
  {
   "cell_type": "markdown",
   "id": "7da38192",
   "metadata": {},
   "source": [
    "## Pré-PCA"
   ]
  },
  {
   "cell_type": "markdown",
   "id": "ecfda0da",
   "metadata": {},
   "source": [
    "### Variáveis Dummy"
   ]
  },
  {
   "cell_type": "markdown",
   "id": "c03e8336",
   "metadata": {},
   "source": [
    "Precisamos transformar nossas variáveis categóricas, que observamos anteriormente no pré-processamento, em numéricas para que seja possível aplicar a Análise de Componente Principal."
   ]
  },
  {
   "cell_type": "code",
   "execution_count": 4,
   "id": "906ffc72",
   "metadata": {},
   "outputs": [
    {
     "name": "stdout",
     "output_type": "stream",
     "text": [
      "Index(['student_id', 'age', 'gender', 'study_hours_per_day',\n",
      "       'social_media_hours', 'netflix_hours', 'part_time_job',\n",
      "       'attendance_percentage', 'sleep_hours', 'diet_quality',\n",
      "       'exercise_frequency', 'parental_education_level', 'internet_quality',\n",
      "       'mental_health_rating', 'extracurricular_participation', 'exam_score'],\n",
      "      dtype='object')\n"
     ]
    }
   ],
   "source": [
    "#Todas as Colunas presentes no dataframe\n",
    "print(df.columns)"
   ]
  },
  {
   "cell_type": "code",
   "execution_count": 5,
   "id": "07ea58f8",
   "metadata": {},
   "outputs": [
    {
     "name": "stdout",
     "output_type": "stream",
     "text": [
      "  student_id  age  gender  study_hours_per_day  social_media_hours  \\\n",
      "0      S1000   23  Female                  0.0                 1.2   \n",
      "1      S1001   20  Female                  6.9                 2.8   \n",
      "2      S1002   21    Male                  1.4                 3.1   \n",
      "3      S1003   23  Female                  1.0                 3.9   \n",
      "4      S1004   19  Female                  5.0                 4.4   \n",
      "\n",
      "   netflix_hours part_time_job  attendance_percentage  sleep_hours  \\\n",
      "0            1.1            No                   85.0          8.0   \n",
      "1            2.3            No                   97.3          4.6   \n",
      "2            1.3            No                   94.8          8.0   \n",
      "3            1.0            No                   71.0          9.2   \n",
      "4            0.5            No                   90.9          4.9   \n",
      "\n",
      "  diet_quality  exercise_frequency parental_education_level internet_quality  \\\n",
      "0         Fair                   6                   Master          Average   \n",
      "1         Good                   6              High School          Average   \n",
      "2         Poor                   1              High School             Poor   \n",
      "3         Poor                   4                   Master             Good   \n",
      "4         Fair                   3                   Master             Good   \n",
      "\n",
      "   mental_health_rating extracurricular_participation  exam_score  \n",
      "0                     8                           Yes        56.2  \n",
      "1                     8                            No       100.0  \n",
      "2                     1                            No        34.3  \n",
      "3                     1                           Yes        26.8  \n",
      "4                     1                            No        66.4  \n"
     ]
    }
   ],
   "source": [
    "#Visualização dos primeiros elementos do dataframe\n",
    "print(df.head())"
   ]
  },
  {
   "cell_type": "markdown",
   "id": "dfb7b0c4",
   "metadata": {},
   "source": [
    "Agrupamos as variáveis categóricas numa lista para aplicar a função get_dummies do pandas, que tem como objetivo criar as variáveis dummy, substituindo os valores categóricos. Também garantimos que os valores substituídos sejam numéricos ao usar dtype = int"
   ]
  },
  {
   "cell_type": "code",
   "execution_count": 6,
   "id": "54d71183",
   "metadata": {},
   "outputs": [],
   "source": [
    "#o id do estudante é desconsiderado, já que não nos entrega informações relevantes\n",
    "colunas_categoricas = [\n",
    "    \"gender\",\n",
    "    \"part_time_job\",\n",
    "    \"diet_quality\",\n",
    "    \"parental_education_level\",\n",
    "    \"internet_quality\",\n",
    "    \"extracurricular_participation\"\n",
    "]\n"
   ]
  },
  {
   "cell_type": "code",
   "execution_count": 7,
   "id": "5468b610",
   "metadata": {},
   "outputs": [
    {
     "name": "stdout",
     "output_type": "stream",
     "text": [
      "   gender_Female  gender_Male  gender_Other  part_time_job_No  \\\n",
      "0              1            0             0                 1   \n",
      "1              1            0             0                 1   \n",
      "2              0            1             0                 1   \n",
      "3              1            0             0                 1   \n",
      "4              1            0             0                 1   \n",
      "\n",
      "   part_time_job_Yes  diet_quality_Fair  diet_quality_Good  diet_quality_Poor  \\\n",
      "0                  0                  1                  0                  0   \n",
      "1                  0                  0                  1                  0   \n",
      "2                  0                  0                  0                  1   \n",
      "3                  0                  0                  0                  1   \n",
      "4                  0                  1                  0                  0   \n",
      "\n",
      "   parental_education_level_Bachelor  parental_education_level_High School  \\\n",
      "0                                  0                                     0   \n",
      "1                                  0                                     1   \n",
      "2                                  0                                     1   \n",
      "3                                  0                                     0   \n",
      "4                                  0                                     0   \n",
      "\n",
      "   parental_education_level_Master  internet_quality_Average  \\\n",
      "0                                1                         1   \n",
      "1                                0                         1   \n",
      "2                                0                         0   \n",
      "3                                1                         0   \n",
      "4                                1                         0   \n",
      "\n",
      "   internet_quality_Good  internet_quality_Poor  \\\n",
      "0                      0                      0   \n",
      "1                      0                      0   \n",
      "2                      0                      1   \n",
      "3                      1                      0   \n",
      "4                      1                      0   \n",
      "\n",
      "   extracurricular_participation_No  extracurricular_participation_Yes  \n",
      "0                                 0                                  1  \n",
      "1                                 1                                  0  \n",
      "2                                 1                                  0  \n",
      "3                                 0                                  1  \n",
      "4                                 1                                  0  \n"
     ]
    }
   ],
   "source": [
    "df_dummy = pd.get_dummies(df[colunas_categoricas], drop_first= False, dtype = int)\n",
    "print(df_dummy.head())"
   ]
  },
  {
   "cell_type": "markdown",
   "id": "f1f3ae5b",
   "metadata": {},
   "source": [
    "Com os valores substituídos por 0s e 1s em variáveis mais específicas, juntamos os valores numéricos e categóricos novamente ao dataframe."
   ]
  },
  {
   "cell_type": "code",
   "execution_count": 8,
   "id": "e22eeab2",
   "metadata": {},
   "outputs": [],
   "source": [
    "colunas_numericas = [\n",
    "    \"age\",\n",
    "    \"study_hours_per_day\",\n",
    "    \"social_media_hours\",\n",
    "    \"netflix_hours\",\n",
    "    \"attendance_percentage\",\n",
    "    \"sleep_hours\",\n",
    "    \"exercise_frequency\",\n",
    "    \"mental_health_rating\",\n",
    "    \"exam_score\"\n",
    "]"
   ]
  },
  {
   "cell_type": "code",
   "execution_count": 9,
   "id": "2d26eb77",
   "metadata": {},
   "outputs": [
    {
     "name": "stdout",
     "output_type": "stream",
     "text": [
      "   age  study_hours_per_day  social_media_hours  netflix_hours  \\\n",
      "0   23                  0.0                 1.2            1.1   \n",
      "1   20                  6.9                 2.8            2.3   \n",
      "2   21                  1.4                 3.1            1.3   \n",
      "3   23                  1.0                 3.9            1.0   \n",
      "4   19                  5.0                 4.4            0.5   \n",
      "\n",
      "   attendance_percentage  sleep_hours  exercise_frequency  \\\n",
      "0                   85.0          8.0                   6   \n",
      "1                   97.3          4.6                   6   \n",
      "2                   94.8          8.0                   1   \n",
      "3                   71.0          9.2                   4   \n",
      "4                   90.9          4.9                   3   \n",
      "\n",
      "   mental_health_rating  exam_score  gender_Female  ...  diet_quality_Good  \\\n",
      "0                     8        56.2              1  ...                  0   \n",
      "1                     8       100.0              1  ...                  1   \n",
      "2                     1        34.3              0  ...                  0   \n",
      "3                     1        26.8              1  ...                  0   \n",
      "4                     1        66.4              1  ...                  0   \n",
      "\n",
      "   diet_quality_Poor  parental_education_level_Bachelor  \\\n",
      "0                  0                                  0   \n",
      "1                  0                                  0   \n",
      "2                  1                                  0   \n",
      "3                  1                                  0   \n",
      "4                  0                                  0   \n",
      "\n",
      "   parental_education_level_High School  parental_education_level_Master  \\\n",
      "0                                     0                                1   \n",
      "1                                     1                                0   \n",
      "2                                     1                                0   \n",
      "3                                     0                                1   \n",
      "4                                     0                                1   \n",
      "\n",
      "   internet_quality_Average  internet_quality_Good  internet_quality_Poor  \\\n",
      "0                         1                      0                      0   \n",
      "1                         1                      0                      0   \n",
      "2                         0                      0                      1   \n",
      "3                         0                      1                      0   \n",
      "4                         0                      1                      0   \n",
      "\n",
      "   extracurricular_participation_No  extracurricular_participation_Yes  \n",
      "0                                 0                                  1  \n",
      "1                                 1                                  0  \n",
      "2                                 1                                  0  \n",
      "3                                 0                                  1  \n",
      "4                                 1                                  0  \n",
      "\n",
      "[5 rows x 25 columns]\n"
     ]
    }
   ],
   "source": [
    "df_final = pd.concat([df[colunas_numericas], df_dummy], axis = 1) # axis = 1 para agrupar por coluna\n",
    "print(df_final.head())"
   ]
  },
  {
   "cell_type": "markdown",
   "id": "711a33f1",
   "metadata": {},
   "source": [
    "### Centering e Scaling"
   ]
  },
  {
   "cell_type": "code",
   "execution_count": 20,
   "id": "5a1a0d86",
   "metadata": {},
   "outputs": [
    {
     "name": "stdout",
     "output_type": "stream",
     "text": [
      "Médias:\n",
      " age                                     20.4980\n",
      "study_hours_per_day                      3.5501\n",
      "social_media_hours                       2.5055\n",
      "netflix_hours                            1.8197\n",
      "attendance_percentage                   84.1317\n",
      "sleep_hours                              6.4701\n",
      "exercise_frequency                       3.0420\n",
      "mental_health_rating                     5.4380\n",
      "exam_score                              69.6015\n",
      "gender_Female                            0.4810\n",
      "gender_Male                              0.4770\n",
      "gender_Other                             0.0420\n",
      "part_time_job_No                         0.7850\n",
      "part_time_job_Yes                        0.2150\n",
      "diet_quality_Fair                        0.4370\n",
      "diet_quality_Good                        0.3780\n",
      "diet_quality_Poor                        0.1850\n",
      "parental_education_level_Bachelor        0.3500\n",
      "parental_education_level_High School     0.3920\n",
      "parental_education_level_Master          0.1670\n",
      "internet_quality_Average                 0.3910\n",
      "internet_quality_Good                    0.4470\n",
      "internet_quality_Poor                    0.1620\n",
      "extracurricular_participation_No         0.6820\n",
      "extracurricular_participation_Yes        0.3180\n",
      "dtype: float64\n"
     ]
    }
   ],
   "source": [
    "print('Médias:\\n', df_final.mean())"
   ]
  },
  {
   "cell_type": "code",
   "execution_count": 21,
   "id": "cc9ff339",
   "metadata": {},
   "outputs": [
    {
     "name": "stdout",
     "output_type": "stream",
     "text": [
      "Desvio padrão: \n",
      " age                                      2.308100\n",
      "study_hours_per_day                      1.468890\n",
      "social_media_hours                       1.172422\n",
      "netflix_hours                            1.075118\n",
      "attendance_percentage                    9.399246\n",
      "sleep_hours                              1.226377\n",
      "exercise_frequency                       2.025423\n",
      "mental_health_rating                     2.847501\n",
      "exam_score                              16.888564\n",
      "gender_Female                            0.499889\n",
      "gender_Male                              0.499721\n",
      "gender_Other                             0.200690\n",
      "part_time_job_No                         0.411028\n",
      "part_time_job_Yes                        0.411028\n",
      "diet_quality_Fair                        0.496263\n",
      "diet_quality_Good                        0.485130\n",
      "diet_quality_Poor                        0.388492\n",
      "parental_education_level_Bachelor        0.477208\n",
      "parental_education_level_High School     0.488441\n",
      "parental_education_level_Master          0.373162\n",
      "internet_quality_Average                 0.488219\n",
      "internet_quality_Good                    0.497432\n",
      "internet_quality_Poor                    0.368635\n",
      "extracurricular_participation_No         0.465932\n",
      "extracurricular_participation_Yes        0.465932\n",
      "dtype: float64\n"
     ]
    }
   ],
   "source": [
    "print(f'Desvio padrão: \\n {df_final.std()}')"
   ]
  },
  {
   "cell_type": "code",
   "execution_count": 10,
   "id": "72f4fdb9",
   "metadata": {},
   "outputs": [
    {
     "name": "stdout",
     "output_type": "stream",
     "text": [
      "        age  study_hours_per_day  social_media_hours  netflix_hours  \\\n",
      "0  1.084009            -2.416859           -1.113507      -0.669415   \n",
      "1 -0.215762             2.280566            0.251189       0.446742   \n",
      "2  0.217495            -1.463758            0.507070      -0.483389   \n",
      "3  1.084009            -1.736073            1.189418      -0.762428   \n",
      "4 -0.649019             0.987072            1.615885      -1.227494   \n",
      "\n",
      "   attendance_percentage  sleep_hours  exercise_frequency  \\\n",
      "0               0.092380     1.247496            1.460436   \n",
      "1               1.400995    -1.524898            1.460436   \n",
      "2               1.135017     1.247496           -1.008184   \n",
      "3              -1.397101     2.225988            0.472988   \n",
      "4               0.720090    -1.280275           -0.020736   \n",
      "\n",
      "   mental_health_rating  exam_score  gender_Female  ...  diet_quality_Good  \\\n",
      "0              0.899736   -0.793525       1.038231  ...          -0.779172   \n",
      "1              0.899736    1.799946       1.038231  ...           1.282130   \n",
      "2             -1.558559   -2.090261      -0.962214  ...          -0.779172   \n",
      "3             -1.558559   -2.534348       1.038231  ...          -0.779172   \n",
      "4             -1.558559   -0.189566       1.038231  ...          -0.779172   \n",
      "\n",
      "   diet_quality_Poor  parental_education_level_Bachelor  \\\n",
      "0          -0.476200                          -0.733432   \n",
      "1          -0.476200                          -0.733432   \n",
      "2           2.097856                          -0.733432   \n",
      "3           2.097856                          -0.733432   \n",
      "4          -0.476200                          -0.733432   \n",
      "\n",
      "   parental_education_level_High School  parental_education_level_Master  \\\n",
      "0                             -0.802553                         2.232271   \n",
      "1                              1.244777                        -0.447526   \n",
      "2                              1.244777                        -0.447526   \n",
      "3                             -0.802553                         2.232271   \n",
      "4                             -0.802553                         2.232271   \n",
      "\n",
      "   internet_quality_Average  internet_quality_Good  internet_quality_Poor  \\\n",
      "0                  1.247392              -0.898616              -0.439459   \n",
      "1                  1.247392              -0.898616              -0.439459   \n",
      "2                 -0.800871              -0.898616               2.273250   \n",
      "3                 -0.800871               1.111710              -0.439459   \n",
      "4                 -0.800871               1.111710              -0.439459   \n",
      "\n",
      "   extracurricular_participation_No  extracurricular_participation_Yes  \n",
      "0                         -1.463731                           1.463731  \n",
      "1                          0.682502                          -0.682502  \n",
      "2                          0.682502                          -0.682502  \n",
      "3                         -1.463731                           1.463731  \n",
      "4                          0.682502                          -0.682502  \n",
      "\n",
      "[5 rows x 25 columns]\n"
     ]
    }
   ],
   "source": [
    "#centralização dos dados\n",
    "df_central = df_final - df_final.mean()\n",
    "#escalonamento\n",
    "df_escal = df_central/df_final.std()\n",
    "print(df_escal.head())"
   ]
  },
  {
   "cell_type": "markdown",
   "id": "9ff764e9",
   "metadata": {},
   "source": [
    "## Matriz de Covariância e Autovetores/Autovalores"
   ]
  },
  {
   "cell_type": "markdown",
   "id": "57d707fc",
   "metadata": {},
   "source": [
    "### Cálculo da Matriz de Covariância"
   ]
  },
  {
   "cell_type": "code",
   "execution_count": 11,
   "id": "e01d2446",
   "metadata": {},
   "outputs": [
    {
     "name": "stdout",
     "output_type": "stream",
     "text": [
      "[[ 1.00000000e+00  3.97117909e-03 -9.15119924e-03 -1.17410395e-03\n",
      "  -2.60552015e-02  3.74819156e-02 -3.83623585e-03 -4.51013606e-02\n",
      "  -8.90687186e-03 -3.16994175e-02  2.55621263e-02  1.53085438e-02\n",
      "   1.16803617e-02 -1.16803617e-02  9.93987759e-03 -2.00606263e-03\n",
      "  -1.01922211e-02  3.24444371e-02 -4.63629973e-02 -4.84173769e-03\n",
      "  -4.94949879e-02  2.99867285e-02  2.50871823e-02  4.99281817e-03\n",
      "  -4.99281817e-03]\n",
      " [ 3.97117909e-03  1.00000000e+00  2.02823140e-02 -3.11583466e-02\n",
      "   2.62641177e-02 -2.77571140e-02 -2.87011920e-02 -3.76782631e-03\n",
      "   8.25418509e-01  2.20870509e-02 -2.56343720e-02  8.81438124e-03\n",
      "   2.91328371e-02 -2.91328371e-02  5.57604802e-02 -3.56487497e-03\n",
      "  -6.67773374e-02 -2.24700505e-02  6.42903292e-04  9.00917021e-03\n",
      "   1.84401047e-02  1.51423000e-03 -2.64652647e-02  3.26420577e-03\n",
      "  -3.26420577e-03]\n",
      " [-9.15119924e-03  2.02823140e-02  1.00000000e+00  1.14765638e-02\n",
      "   4.04787925e-02  1.82362596e-02 -3.73190028e-02  1.49649069e-03\n",
      "  -1.66732885e-01 -1.27328192e-03 -4.99489320e-03  1.56089415e-02\n",
      "  -2.12238286e-02  2.12238286e-02 -3.44147181e-02  2.60837217e-02\n",
      "   1.13895820e-02 -3.65430260e-02  2.85691075e-02  7.50800952e-03\n",
      "  -3.90861919e-02  4.60705712e-02 -1.04015169e-02  1.85973321e-02\n",
      "  -1.85973321e-02]\n",
      " [-1.17410395e-03 -3.11583466e-02  1.14765638e-02  1.00000000e+00\n",
      "  -2.09153973e-03 -9.34549060e-04 -6.44822223e-03  8.03423457e-03\n",
      "  -1.71779238e-01 -1.95113865e-02  9.37358194e-04  4.62660366e-02\n",
      "  -9.20691993e-03  9.20691993e-03 -1.91533758e-02  2.40552511e-03\n",
      "   2.14628043e-02 -2.33151654e-03  2.68345981e-02 -7.95898395e-03\n",
      "  -3.24715042e-03  3.04982800e-02 -3.68535003e-02  5.12477954e-03\n",
      "  -5.12477954e-03]\n",
      " [-2.60552015e-02  2.62641177e-02  4.04787925e-02 -2.09153973e-03\n",
      "   1.00000000e+00  1.37560647e-02 -7.85719641e-03 -1.87445601e-02\n",
      "   8.98356018e-02  2.45750419e-02 -2.41077702e-02 -1.18411602e-03\n",
      "   4.17712010e-02 -4.17712010e-02  3.36164361e-02 -6.10240105e-02\n",
      "   3.32619297e-02  3.27622992e-02 -2.64099885e-02 -7.25451886e-02\n",
      "  -1.53992404e-02 -2.15958096e-02  4.95357999e-02  1.77782811e-02\n",
      "  -1.77782811e-02]\n",
      " [ 3.74819156e-02 -2.77571140e-02  1.82362596e-02 -9.34549060e-04\n",
      "   1.37560647e-02  1.00000000e+00  1.97690236e-02 -6.50796487e-03\n",
      "   1.21682911e-01  1.27669846e-03 -2.42353832e-02  5.71664875e-02\n",
      "  -1.64524960e-03  1.64524960e-03 -3.50939118e-03 -2.42241409e-02\n",
      "   3.47328909e-02  2.69647634e-02 -2.13551282e-02  1.29773779e-03\n",
      "   7.50809396e-03 -2.19008350e-03 -6.98840938e-03 -2.76930005e-02\n",
      "   2.76930005e-02]\n",
      " [-3.83623585e-03 -2.87011920e-02 -3.73190028e-02 -6.44822223e-03\n",
      "  -7.85719641e-03  1.97690236e-02  1.00000000e+00 -2.42292653e-04\n",
      "   1.60107464e-01 -6.44623625e-02  6.82066190e-02 -9.26923159e-03\n",
      "   2.16791967e-02 -2.16791967e-02 -4.01877037e-02  2.45759178e-02\n",
      "   2.06469245e-02  9.63149639e-03  2.98853519e-02 -3.97506889e-02\n",
      "   1.07079924e-02 -3.05751883e-02  2.70761782e-02  5.68115108e-03\n",
      "  -5.68115108e-03]\n",
      " [-4.51013606e-02 -3.76782631e-03  1.49649069e-03  8.03423457e-03\n",
      "  -1.87445601e-02 -6.50796487e-03 -2.42292653e-04  1.00000000e+00\n",
      "   3.21522931e-01  5.14904652e-03 -6.27913987e-03  2.80963738e-03\n",
      "  -1.35387998e-02  1.35387998e-02 -7.11243087e-02  5.68365429e-02\n",
      "   1.98801061e-02  7.63908539e-02  1.10144659e-02 -8.77479101e-02\n",
      "   4.30165960e-02 -5.63850116e-02  1.91142907e-02  4.74115046e-03\n",
      "  -4.74115046e-03]\n",
      " [-8.90687186e-03  8.25418509e-01 -1.66732885e-01 -1.71779238e-01\n",
      "   8.98356018e-02  1.21682911e-01  1.60107464e-01  3.21522931e-01\n",
      "   1.00000000e+00  7.97709230e-03 -1.31910637e-02  1.29762001e-02\n",
      "   2.66084640e-02 -2.66084640e-02  4.31808689e-02 -1.08573531e-02\n",
      "  -4.16015171e-02  2.91722970e-02 -2.58323890e-03 -4.01771697e-02\n",
      "   4.94852841e-02 -5.08037015e-02  3.01584069e-03 -8.80669829e-04\n",
      "   8.80669829e-04]\n",
      " [-3.16994175e-02  2.20870509e-02 -1.27328192e-03 -1.95113865e-02\n",
      "   2.45750419e-02  1.27669846e-03 -6.44623625e-02  5.14904652e-03\n",
      "   7.97709230e-03  1.00000000e+00 -9.19384557e-01 -2.01572253e-01\n",
      "   3.61244197e-02 -3.61244197e-02 -7.94904752e-04 -1.16317130e-02\n",
      "   1.55405516e-02  3.62968712e-02 -4.73593944e-02 -7.12088496e-03\n",
      "   3.25210962e-02  2.00996744e-02 -7.01930321e-02 -4.47822340e-03\n",
      "   4.47822340e-03]\n",
      " [ 2.55621263e-02 -2.56343720e-02 -4.99489320e-03  9.37358194e-04\n",
      "  -2.41077702e-02 -2.42353832e-02  6.82066190e-02 -6.27913987e-03\n",
      "  -1.31910637e-02 -9.19384557e-01  1.00000000e+00 -1.99963273e-01\n",
      "  -3.14093414e-02  3.14093414e-02  2.22406077e-03  1.93817041e-02\n",
      "  -2.70439915e-02 -8.18528635e-03  2.87729720e-02  7.19843368e-03\n",
      "  -2.25947748e-02 -3.30973040e-02  7.45855066e-02  7.24839395e-03\n",
      "  -7.24839395e-03]\n",
      " [ 1.53085438e-02  8.81438124e-03  1.56089415e-02  4.62660366e-02\n",
      "  -1.18411602e-03  5.71664875e-02 -9.26923159e-03  2.80963738e-03\n",
      "   1.29762001e-02 -2.01572253e-01 -1.99963273e-01  1.00000000e+00\n",
      "  -1.17709164e-02  1.17709164e-02 -3.55795906e-03 -1.92878732e-02\n",
      "   2.86307546e-02 -7.00288029e-02  4.63202424e-02 -1.87128484e-04\n",
      "  -2.47439890e-02  3.23474936e-02 -1.08785029e-02 -6.89402288e-03\n",
      "   6.89402288e-03]\n",
      " [ 1.16803617e-02  2.91328371e-02 -2.12238286e-02 -9.20691993e-03\n",
      "   4.17712010e-02 -1.64524960e-03  2.16791967e-02 -1.35387998e-02\n",
      "   2.66084640e-02  3.61244197e-02 -3.14093414e-02 -1.17709164e-02\n",
      "   1.00000000e+00 -1.00000000e+00  1.45013525e-02 -3.37846881e-02\n",
      "   2.36645488e-02  3.69992779e-02 -4.34778043e-02  5.90627664e-03\n",
      "  -6.45231186e-02  2.49934012e-02  5.17282978e-02 -2.28413428e-02\n",
      "   2.28413428e-02]\n",
      " [-1.16803617e-02 -2.91328371e-02  2.12238286e-02  9.20691993e-03\n",
      "  -4.17712010e-02  1.64524960e-03 -2.16791967e-02  1.35387998e-02\n",
      "  -2.66084640e-02 -3.61244197e-02  3.14093414e-02  1.17709164e-02\n",
      "  -1.00000000e+00  1.00000000e+00 -1.45013525e-02  3.37846881e-02\n",
      "  -2.36645488e-02 -3.69992779e-02  4.34778043e-02 -5.90627664e-03\n",
      "   6.45231186e-02 -2.49934012e-02 -5.17282978e-02  2.28413428e-02\n",
      "  -2.28413428e-02]\n",
      " [ 9.93987759e-03  5.57604802e-02 -3.44147181e-02 -1.91533758e-02\n",
      "   3.36164361e-02 -3.50939118e-03 -4.01877037e-02 -7.11243087e-02\n",
      "   4.31808689e-02 -7.94904752e-04  2.22406077e-03 -3.55795906e-03\n",
      "   1.45013525e-02 -1.45013525e-02  1.00000000e+00 -6.86810979e-01\n",
      "  -4.19752780e-01  1.71186458e-02 -1.77738915e-02 -5.29184408e-03\n",
      "  -1.59765216e-02  1.07903028e-02  6.59892018e-03  5.18022156e-02\n",
      "  -5.18022156e-02]\n",
      " [-2.00606263e-03 -3.56487497e-03  2.60837217e-02  2.40552511e-03\n",
      "  -6.10240105e-02 -2.42241409e-02  2.45759178e-02  5.68365429e-02\n",
      "  -1.08573531e-02 -1.16317130e-02  1.93817041e-02 -1.92878732e-02\n",
      "  -3.37846881e-02  3.37846881e-02 -6.86810979e-01  1.00000000e+00\n",
      "  -3.71413570e-01 -9.94479977e-03  3.30516333e-02 -1.17555088e-02\n",
      "  -2.02778603e-02  2.91772895e-02 -1.25155860e-02 -3.52505768e-03\n",
      "   3.52505768e-03]\n",
      " [-1.01922211e-02 -6.67773374e-02  1.13895820e-02  2.14628043e-02\n",
      "   3.32619297e-02  3.47328909e-02  2.06469245e-02  1.98801061e-02\n",
      "  -4.16015171e-02  1.55405516e-02 -2.70439915e-02  2.86307546e-02\n",
      "   2.36645488e-02 -2.36645488e-02 -4.19752780e-01 -3.71413570e-01\n",
      "   1.00000000e+00 -9.44893104e-03 -1.85687715e-02  2.14395764e-02\n",
      "   4.57305973e-02 -5.02188563e-02  7.19934589e-03 -6.17707333e-02\n",
      "   6.17707333e-02]\n",
      " [ 3.24444371e-02 -2.24700505e-02 -3.65430260e-02 -2.33151654e-03\n",
      "   3.27622992e-02  2.69647634e-02  9.63149639e-03  7.63908539e-02\n",
      "   2.91722970e-02  3.62968712e-02 -8.18528635e-03 -7.00288029e-02\n",
      "   3.69992779e-02 -3.69992779e-02  1.71186458e-02 -9.94479977e-03\n",
      "  -9.44893104e-03  1.00000000e+00 -5.89207936e-01 -3.28558781e-01\n",
      "  -3.65200363e-03  6.53619003e-03 -3.98316065e-03 -1.21553457e-02\n",
      "   1.21553457e-02]\n",
      " [-4.63629973e-02  6.42903292e-04  2.85691075e-02  2.68345981e-02\n",
      "  -2.64099885e-02 -2.13551282e-02  2.98853519e-02  1.10144659e-02\n",
      "  -2.58323890e-03 -4.73593944e-02  2.87729720e-02  4.63202424e-02\n",
      "  -4.34778043e-02  4.34778043e-02 -1.77738915e-02  3.30516333e-02\n",
      "  -1.85687715e-02 -5.89207936e-01  1.00000000e+00 -3.59523248e-01\n",
      "   1.14512400e-02 -2.56423860e-02  1.94355611e-02  2.88538167e-03\n",
      "  -2.88538167e-03]\n",
      " [-4.84173769e-03  9.00917021e-03  7.50800952e-03 -7.95898395e-03\n",
      "  -7.25451886e-02  1.29773779e-03 -3.97506889e-02 -8.77479101e-02\n",
      "  -4.01771697e-02 -7.12088496e-03  7.19843368e-03 -1.87128484e-04\n",
      "   5.90627664e-03 -5.90627664e-03 -5.29184408e-03 -1.17555088e-02\n",
      "   2.14395764e-02 -3.28558781e-01 -3.59523248e-01  1.00000000e+00\n",
      "  -2.91039685e-02  4.50340930e-02 -2.22233118e-02  1.21247246e-02\n",
      "  -1.21247246e-02]\n",
      " [-4.94949879e-02  1.84401047e-02 -3.90861919e-02 -3.24715042e-03\n",
      "  -1.53992404e-02  7.50809396e-03  1.07079924e-02  4.30165960e-02\n",
      "   4.94852841e-02  3.25210962e-02 -2.25947748e-02 -2.47439890e-02\n",
      "  -6.45231186e-02  6.45231186e-02 -1.59765216e-02 -2.02778603e-02\n",
      "   4.57305973e-02 -3.65200363e-03  1.14512400e-02 -2.91039685e-02\n",
      "   1.00000000e+00 -7.20395395e-01 -3.52302099e-01  1.48735257e-03\n",
      "  -1.48735257e-03]\n",
      " [ 2.99867285e-02  1.51423000e-03  4.60705712e-02  3.04982800e-02\n",
      "  -2.15958096e-02 -2.19008350e-03 -3.05751883e-02 -5.63850116e-02\n",
      "  -5.08037015e-02  2.00996744e-02 -3.30973040e-02  3.23474936e-02\n",
      "   2.49934012e-02 -2.49934012e-02  1.07903028e-02  2.91772895e-02\n",
      "  -5.02188563e-02  6.53619003e-03 -2.56423860e-02  4.50340930e-02\n",
      "  -7.20395395e-01  1.00000000e+00 -3.95299890e-01  2.22253039e-02\n",
      "  -2.22253039e-02]\n",
      " [ 2.50871823e-02 -2.64652647e-02 -1.04015169e-02 -3.68535003e-02\n",
      "   4.95357999e-02 -6.98840938e-03  2.70761782e-02  1.91142907e-02\n",
      "   3.01584069e-03 -7.01930321e-02  7.45855066e-02 -1.08785029e-02\n",
      "   5.17282978e-02 -5.17282978e-02  6.59892018e-03 -1.25155860e-02\n",
      "   7.19934589e-03 -3.98316065e-03  1.94355611e-02 -2.22233118e-02\n",
      "  -3.52302099e-01 -3.95299890e-01  1.00000000e+00 -3.19603982e-02\n",
      "   3.19603982e-02]\n",
      " [ 4.99281817e-03  3.26420577e-03  1.85973321e-02  5.12477954e-03\n",
      "   1.77782811e-02 -2.76930005e-02  5.68115108e-03  4.74115046e-03\n",
      "  -8.80669829e-04 -4.47822340e-03  7.24839395e-03 -6.89402288e-03\n",
      "  -2.28413428e-02  2.28413428e-02  5.18022156e-02 -3.52505768e-03\n",
      "  -6.17707333e-02 -1.21553457e-02  2.88538167e-03  1.21247246e-02\n",
      "   1.48735257e-03  2.22253039e-02 -3.19603982e-02  1.00000000e+00\n",
      "  -1.00000000e+00]\n",
      " [-4.99281817e-03 -3.26420577e-03 -1.85973321e-02 -5.12477954e-03\n",
      "  -1.77782811e-02  2.76930005e-02 -5.68115108e-03 -4.74115046e-03\n",
      "   8.80669829e-04  4.47822340e-03 -7.24839395e-03  6.89402288e-03\n",
      "   2.28413428e-02 -2.28413428e-02 -5.18022156e-02  3.52505768e-03\n",
      "   6.17707333e-02  1.21553457e-02 -2.88538167e-03 -1.21247246e-02\n",
      "  -1.48735257e-03 -2.22253039e-02  3.19603982e-02 -1.00000000e+00\n",
      "   1.00000000e+00]]\n"
     ]
    }
   ],
   "source": [
    "mcov = np.cov(df_escal, rowvar = False) # aqui a escolha de usar numpy no lugar de df.cov() é para facilitar as operações com a matriz cov para calcular os autovetores/valores\n",
    "print(mcov) # a saída é um n-dimensional array e não um dataframe"
   ]
  },
  {
   "cell_type": "markdown",
   "id": "c823bf7d",
   "metadata": {},
   "source": [
    "### Cálculos dos Autovetores e Autovalores"
   ]
  },
  {
   "cell_type": "code",
   "execution_count": 12,
   "id": "93466ee5",
   "metadata": {},
   "outputs": [
    {
     "data": {
      "text/plain": [
       "array([[ 7.99633837e-03,  3.61972112e-03, -4.71695081e-02,\n",
       "        -4.97999518e-02,  3.36911329e-02,  5.94436784e-02,\n",
       "        -7.82638749e-02, -5.95599051e-05,  1.67982039e-02,\n",
       "         6.55792139e-02,  3.25168818e-01,  2.48905201e-01,\n",
       "        -4.00110827e-01, -6.61574537e-01, -6.69870339e-02,\n",
       "        -1.27512953e-01, -1.16827163e-01,  4.23991670e-01,\n",
       "         1.47686648e-02,  8.43729972e-04, -4.50523902e-17,\n",
       "         2.76982390e-17,  7.67755018e-18, -2.03253402e-17,\n",
       "        -4.46074794e-17],\n",
       "       [ 1.88917734e-01,  2.14423711e-01,  4.60066136e-01,\n",
       "        -1.14863638e-01,  2.62405608e-01,  9.50956003e-02,\n",
       "         7.29989738e-02,  1.57686707e-01, -2.56327299e-02,\n",
       "         3.19914604e-02, -1.73748654e-02, -1.90773666e-01,\n",
       "        -6.04653797e-02, -1.87859173e-01, -1.95526313e-01,\n",
       "        -3.72108393e-02, -8.51373551e-02, -2.80982028e-01,\n",
       "        -1.48351745e-02, -6.18082192e-01, -1.12398841e-15,\n",
       "         5.55262954e-16,  7.03208641e-16, -4.56904461e-16,\n",
       "        -1.08605987e-16],\n",
       "       [-6.08098011e-02, -2.06792631e-02, -1.10173451e-01,\n",
       "         4.22063724e-02,  4.73532743e-02, -2.15148439e-02,\n",
       "         5.59078112e-02,  1.03278305e-03,  6.76031182e-02,\n",
       "        -8.79572155e-03,  5.75585178e-02, -6.27958355e-01,\n",
       "        -2.46792708e-01,  3.65168336e-02,  2.92507107e-01,\n",
       "        -2.97633427e-01, -5.63008928e-01, -4.79976701e-02,\n",
       "         4.79859801e-03,  1.34680112e-01, -4.36817603e-17,\n",
       "        -2.32994495e-17, -2.13860162e-16,  1.44274114e-16,\n",
       "         1.37530591e-18],\n",
       "       [-5.84317531e-02, -4.59698430e-02, -1.19447326e-01,\n",
       "         3.27107776e-02, -2.65058080e-02, -2.29979357e-02,\n",
       "         2.57635227e-02, -5.26367269e-03,  5.81353590e-02,\n",
       "        -2.14475127e-01,  2.00603473e-01, -1.24160682e-01,\n",
       "         3.49595789e-01, -8.07367795e-02, -5.60772674e-01,\n",
       "        -6.28692702e-01,  1.19904051e-01, -8.85479191e-02,\n",
       "        -9.37973811e-03,  1.06832321e-01,  2.79073087e-16,\n",
       "         4.97007569e-17, -1.88655598e-16,  6.68551704e-17,\n",
       "         2.03801503e-16],\n",
       "       [ 8.15359417e-02,  6.40651629e-02,  3.84485144e-02,\n",
       "        -1.82117031e-02, -5.05940311e-02,  3.55735276e-02,\n",
       "        -7.36113101e-03, -1.39802981e-01,  2.14936458e-01,\n",
       "         4.28155030e-02, -3.87374570e-02, -4.58828327e-01,\n",
       "        -3.00048956e-01,  2.79292574e-01, -3.79084018e-01,\n",
       "         1.76317151e-01,  3.08278426e-01,  5.11288186e-01,\n",
       "         3.40816472e-02, -5.93255625e-02, -1.66889830e-16,\n",
       "         8.96194593e-17, -2.44455614e-17, -2.59200132e-17,\n",
       "         1.06144557e-16],\n",
       "       [ 4.23258562e-02, -1.08496920e-02,  6.35362727e-02,\n",
       "         6.00297796e-03,  1.25593256e-02,  3.61437807e-02,\n",
       "        -3.26443346e-02,  6.80229813e-02,  1.85629682e-01,\n",
       "        -5.04882645e-02,  4.38051369e-01,  1.24586955e-01,\n",
       "        -3.65406130e-01,  3.07952954e-01,  3.69942285e-01,\n",
       "        -3.45417766e-01,  4.55127607e-01, -1.97386138e-01,\n",
       "        -1.11343194e-02, -1.08115124e-01, -1.12358996e-16,\n",
       "         6.86101756e-17,  1.20068082e-16, -5.34078069e-17,\n",
       "         1.70340291e-16],\n",
       "       [ 8.08233099e-03,  2.83009041e-03,  9.06394242e-02,\n",
       "        -1.24627073e-01,  2.46692789e-02, -8.39278775e-02,\n",
       "        -1.51768305e-02, -4.91874851e-02,  1.11509132e-01,\n",
       "        -3.77812263e-02, -4.98376765e-02,  4.84300756e-01,\n",
       "        -1.70928203e-01,  5.18508373e-01, -2.52609182e-01,\n",
       "        -1.92060544e-01, -5.21866142e-01,  1.64454501e-01,\n",
       "        -8.79440964e-03, -1.29427179e-01, -2.84977897e-16,\n",
       "        -1.48938973e-17,  2.09753328e-16, -2.17533164e-16,\n",
       "         1.09571804e-16],\n",
       "       [ 4.16312072e-02,  4.33889076e-02,  2.30181654e-01,\n",
       "        -2.47515972e-02,  8.60572922e-02, -1.27080577e-01,\n",
       "        -9.62858873e-02, -1.49732021e-01,  1.58639634e-01,\n",
       "        -9.42828119e-02, -4.82136333e-02, -2.88775100e-02,\n",
       "         5.07391899e-01, -1.93652156e-02,  4.40311563e-01,\n",
       "        -2.36183286e-01,  2.33131780e-02,  5.31692242e-01,\n",
       "        -2.00008368e-02, -2.43329480e-01, -4.49774627e-16,\n",
       "         2.03649269e-16,  3.26458597e-16, -2.19330366e-16,\n",
       "         8.54141991e-17],\n",
       "       [ 2.11608915e-01,  2.19280271e-01,  5.57789878e-01,\n",
       "        -1.48238859e-01,  2.43873810e-01,  4.87420152e-02,\n",
       "         8.31574884e-03,  7.38567607e-02,  8.34470101e-02,\n",
       "         1.62553114e-02, -1.37272336e-02,  3.09212008e-02,\n",
       "         7.92197431e-03, -1.62441428e-04, -1.09370447e-02,\n",
       "        -3.27773871e-02,  1.92163465e-02, -6.21868657e-04,\n",
       "         2.35523217e-02,  7.04347931e-01,  1.09305116e-15,\n",
       "        -6.91433950e-16, -7.86759455e-16,  5.19802574e-16,\n",
       "        -8.54900769e-17],\n",
       "       [ 2.70916260e-01,  1.34443537e-01,  2.98731852e-03,\n",
