{
 "cells": [
  {
   "cell_type": "markdown",
   "id": "06568c06",
   "metadata": {},
   "source": [
    "# Implementação PCA e Análise Multivariada"
   ]
  },
  {
   "cell_type": "markdown",
   "id": "37463786",
   "metadata": {},
   "source": [
    "## Preparação"
   ]
  },
  {
   "cell_type": "markdown",
   "id": "5b0877bc",
   "metadata": {},
   "source": [
    "### Carregamento das Bibliotecas"
   ]
  },
  {
   "cell_type": "code",
   "execution_count": 2,
   "id": "977cd72f",
   "metadata": {},
   "outputs": [],
   "source": [
    "import sys\n",
    "import os\n",
    "import pandas as pd\n",
    "import numpy as np\n",
    "import matplotlib.pyplot as plt\n",
    "\n",
    "proj_root = os.path.abspath(os.path.join(os.getcwd(), \"..\"))\n",
    "sys.path.append(proj_root)\n",
    "from src.funcoes_pca import*"
   ]
  },
  {
   "cell_type": "markdown",
   "id": "ee40462e",
   "metadata": {},
   "source": [
    "### Carregamentos dos Dados"
   ]
  },
  {
   "cell_type": "code",
   "execution_count": 3,
   "id": "9999697d",
   "metadata": {},
   "outputs": [],
   "source": [
    "df = pd.read_csv(\"../dados/student_habits_preprocessed.csv\")\n"
   ]
  },
  {
   "cell_type": "markdown",
   "id": "7da38192",
   "metadata": {},
   "source": [
    "## Pré-PCA"
   ]
  },
  {
   "cell_type": "markdown",
   "id": "ecfda0da",
   "metadata": {},
   "source": [
    "### Variáveis Dummy"
   ]
  },
  {
   "cell_type": "markdown",
   "id": "c03e8336",
   "metadata": {},
   "source": [
    "Precisamos transformar nossas variáveis categóricas, que observamos anteriormente no pré-processamento, em numéricas para que seja possível aplicar a Análise de Componente Principal."
   ]
  },
  {
   "cell_type": "code",
   "execution_count": 4,
   "id": "906ffc72",
   "metadata": {},
   "outputs": [
    {
     "name": "stdout",
     "output_type": "stream",
     "text": [
      "Index(['student_id', 'age', 'gender', 'study_hours_per_day',\n",
      "       'social_media_hours', 'netflix_hours', 'part_time_job',\n",
      "       'attendance_percentage', 'sleep_hours', 'diet_quality',\n",
      "       'exercise_frequency', 'parental_education_level', 'internet_quality',\n",
      "       'mental_health_rating', 'extracurricular_participation', 'exam_score',\n",
      "       'performance_class'],\n",
      "      dtype='object')\n"
     ]
    }
   ],
   "source": [
    "#Todas as Colunas presentes no dataframe\n",
    "print(df.columns)"
   ]
  },
  {
   "cell_type": "code",
   "execution_count": 5,
   "id": "07ea58f8",
   "metadata": {},
   "outputs": [
    {
     "name": "stdout",
     "output_type": "stream",
     "text": [
      "  student_id  age  gender  study_hours_per_day  social_media_hours  \\\n",
      "0      S1000   23  Female                  0.0                 1.2   \n",
      "1      S1001   20  Female                  6.9                 2.8   \n",
      "2      S1002   21    Male                  1.4                 3.1   \n",
      "3      S1003   23  Female                  1.0                 3.9   \n",
      "4      S1004   19  Female                  5.0                 4.4   \n",
      "\n",
      "   netflix_hours part_time_job  attendance_percentage  sleep_hours  \\\n",
      "0            1.1            No                   85.0          8.0   \n",
      "1            2.3            No                   97.3          4.6   \n",
      "2            1.3            No                   94.8          8.0   \n",
      "3            1.0            No                   71.0          9.2   \n",
      "4            0.5            No                   90.9          4.9   \n",
      "\n",
      "  diet_quality  exercise_frequency parental_education_level internet_quality  \\\n",
      "0         Fair                   6                   Master          Average   \n",
      "1         Good                   6              High School          Average   \n",
      "2         Poor                   1              High School             Poor   \n",
      "3         Poor                   4                   Master             Good   \n",
      "4         Fair                   3                   Master             Good   \n",
      "\n",
      "   mental_health_rating extracurricular_participation  exam_score  \\\n",
      "0                     8                           Yes        56.2   \n",
      "1                     8                            No       100.0   \n",
      "2                     1                            No        34.3   \n",
      "3                     1                           Yes        26.8   \n",
      "4                     1                            No        66.4   \n",
      "\n",
      "  performance_class  \n",
      "0       Recuperação  \n",
      "1         Excelente  \n",
      "2         Reprovado  \n",
      "3         Reprovado  \n",
      "4       Recuperação  \n"
     ]
    }
   ],
   "source": [
    "#Visualização dos primeiros elementos do dataframe\n",
    "print(df.head())"
   ]
  },
  {
   "cell_type": "markdown",
   "id": "dfb7b0c4",
   "metadata": {},
   "source": [
    "Agrupamos as variáveis categóricas numa lista para aplicar a função get_dummies do pandas, que tem como objetivo criar as variáveis dummy, substituindo os valores categóricos. Também garantimos que os valores substituídos sejam numéricos ao usar dtype = int"
   ]
  },
  {
   "cell_type": "code",
   "execution_count": 6,
   "id": "54d71183",
   "metadata": {},
   "outputs": [],
   "source": [
    "#o id do estudante é desconsiderado, já que não nos entrega informações relevantes\n",
    "#performance_class é nossa class label e associada diretamente com o que queremos prever. Então também não é colocada.\n",
    "colunas_categoricas = [\n",
    "    \"gender\",\n",
    "    \"part_time_job\",\n",
    "    \"diet_quality\",\n",
    "    \"parental_education_level\",\n",
    "    \"internet_quality\",\n",
    "    \"extracurricular_participation\"\n",
    "]\n"
   ]
  },
  {
   "cell_type": "code",
   "execution_count": 7,
   "id": "5468b610",
   "metadata": {},
   "outputs": [
    {
     "name": "stdout",
     "output_type": "stream",
     "text": [
      "   gender_Male  gender_Other  part_time_job_Yes  diet_quality_Good  \\\n",
      "0            0             0                  0                  0   \n",
      "1            0             0                  0                  1   \n",
      "2            1             0                  0                  0   \n",
      "3            0             0                  0                  0   \n",
      "4            0             0                  0                  0   \n",
      "\n",
      "   diet_quality_Poor  parental_education_level_High School  \\\n",
      "0                  0                                     0   \n",
      "1                  0                                     1   \n",
      "2                  1                                     1   \n",
      "3                  1                                     0   \n",
      "4                  0                                     0   \n",
      "\n",
      "   parental_education_level_Master  internet_quality_Good  \\\n",
      "0                                1                      0   \n",
      "1                                0                      0   \n",
      "2                                0                      0   \n",
      "3                                1                      1   \n",
      "4                                1                      1   \n",
      "\n",
      "   internet_quality_Poor  extracurricular_participation_Yes  \n",
      "0                      0                                  1  \n",
      "1                      0                                  0  \n",
      "2                      1                                  0  \n",
      "3                      0                                  1  \n",
      "4                      0                                  0  \n"
     ]
    }
   ],
   "source": [
    "df_dummy = pd.get_dummies(df[colunas_categoricas], drop_first= True, dtype = int) \n",
    "#drop_first evita multicolinearidade ao omitir uma variável dummy associada. Podemos inferir a variável dummy omitida.\n",
    "print(df_dummy.head())"
   ]
  },
  {
   "cell_type": "markdown",
   "id": "f1f3ae5b",
   "metadata": {},
   "source": [
    "Com os valores substituídos por 0s e 1s em variáveis mais específicas, juntamos os valores numéricos e categóricos novamente ao dataframe."
   ]
  },
  {
   "cell_type": "code",
   "execution_count": 8,
   "id": "e22eeab2",
   "metadata": {},
   "outputs": [],
   "source": [
    "#exam_score representa o desempenho do aluno e é o que queremos prever. Portanto, não mantemos sua coluna no dataframe\n",
    "colunas_numericas = [\n",
    "    \"age\",\n",
    "    \"study_hours_per_day\",\n",
    "    \"social_media_hours\",\n",
    "    \"netflix_hours\",\n",
    "    \"attendance_percentage\",\n",
    "    \"sleep_hours\",\n",
    "    \"exercise_frequency\",\n",
    "    \"mental_health_rating\",\n",
    "]"
   ]
  },
  {
   "cell_type": "code",
   "execution_count": 9,
   "id": "2d26eb77",
   "metadata": {},
   "outputs": [
    {
     "name": "stdout",
     "output_type": "stream",
     "text": [
      "   age  study_hours_per_day  social_media_hours  netflix_hours  \\\n",
      "0   23                  0.0                 1.2            1.1   \n",
      "1   20                  6.9                 2.8            2.3   \n",
      "2   21                  1.4                 3.1            1.3   \n",
      "3   23                  1.0                 3.9            1.0   \n",
      "4   19                  5.0                 4.4            0.5   \n",
      "\n",
      "   attendance_percentage  sleep_hours  exercise_frequency  \\\n",
      "0                   85.0          8.0                   6   \n",
      "1                   97.3          4.6                   6   \n",
      "2                   94.8          8.0                   1   \n",
      "3                   71.0          9.2                   4   \n",
      "4                   90.9          4.9                   3   \n",
      "\n",
      "   mental_health_rating  gender_Male  gender_Other  part_time_job_Yes  \\\n",
      "0                     8            0             0                  0   \n",
      "1                     8            0             0                  0   \n",
      "2                     1            1             0                  0   \n",
      "3                     1            0             0                  0   \n",
      "4                     1            0             0                  0   \n",
      "\n",
      "   diet_quality_Good  diet_quality_Poor  parental_education_level_High School  \\\n",
      "0                  0                  0                                     0   \n",
      "1                  1                  0                                     1   \n",
      "2                  0                  1                                     1   \n",
      "3                  0                  1                                     0   \n",
      "4                  0                  0                                     0   \n",
      "\n",
      "   parental_education_level_Master  internet_quality_Good  \\\n",
      "0                                1                      0   \n",
      "1                                0                      0   \n",
      "2                                0                      0   \n",
      "3                                1                      1   \n",
      "4                                1                      1   \n",
      "\n",
      "   internet_quality_Poor  extracurricular_participation_Yes  \n",
      "0                      0                                  1  \n",
      "1                      0                                  0  \n",
      "2                      1                                  0  \n",
      "3                      0                                  1  \n",
      "4                      0                                  0  \n"
     ]
    }
   ],
   "source": [
    "#juntamos novamente as colunas no dataframe. Agora, com apenas preditores numéricos\n",
    "df_final = pd.concat([df[colunas_numericas], df_dummy], axis = 1) # axis = 1 para agrupar por coluna\n",
    "print(df_final.head())"
   ]
  },
  {
   "cell_type": "markdown",
   "id": "711a33f1",
   "metadata": {},
   "source": [
    "### Centering e Scaling"
   ]
  },
  {
   "cell_type": "code",
   "execution_count": 10,
   "id": "5a1a0d86",
   "metadata": {},
   "outputs": [
    {
     "name": "stdout",
     "output_type": "stream",
     "text": [
      "Médias:\n",
      " age                                     20.4980\n",
      "study_hours_per_day                      3.5501\n",
      "social_media_hours                       2.5055\n",
      "netflix_hours                            1.8197\n",
      "attendance_percentage                   84.1317\n",
      "sleep_hours                              6.4701\n",
      "exercise_frequency                       3.0420\n",
      "mental_health_rating                     5.4380\n",
      "gender_Male                              0.4770\n",
      "gender_Other                             0.0420\n",
      "part_time_job_Yes                        0.2150\n",
      "diet_quality_Good                        0.3780\n",
      "diet_quality_Poor                        0.1850\n",
      "parental_education_level_High School     0.4830\n",
      "parental_education_level_Master          0.1670\n",
      "internet_quality_Good                    0.4470\n",
      "internet_quality_Poor                    0.1620\n",
      "extracurricular_participation_Yes        0.3180\n",
      "dtype: float64\n"
     ]
    }
   ],
   "source": [
    "print('Médias:\\n', df_final.mean())"
   ]
  },
  {
   "cell_type": "code",
   "execution_count": 11,
   "id": "cc9ff339",
   "metadata": {},
   "outputs": [
    {
     "name": "stdout",
     "output_type": "stream",
     "text": [
      "Desvio padrão: \n",
      " age                                     2.308100\n",
      "study_hours_per_day                     1.468890\n",
      "social_media_hours                      1.172422\n",
      "netflix_hours                           1.075118\n",
      "attendance_percentage                   9.399246\n",
      "sleep_hours                             1.226377\n",
      "exercise_frequency                      2.025423\n",
      "mental_health_rating                    2.847501\n",
      "gender_Male                             0.499721\n",
      "gender_Other                            0.200690\n",
      "part_time_job_Yes                       0.411028\n",
      "diet_quality_Good                       0.485130\n",
      "diet_quality_Poor                       0.388492\n",
      "parental_education_level_High School    0.499961\n",
      "parental_education_level_Master         0.373162\n",
      "internet_quality_Good                   0.497432\n",
      "internet_quality_Poor                   0.368635\n",
      "extracurricular_participation_Yes       0.465932\n",
      "dtype: float64\n"
     ]
    }
   ],
   "source": [
    "print(f'Desvio padrão: \\n {df_final.std()}')"
   ]
  },
  {
   "cell_type": "code",
   "execution_count": 12,
   "id": "72f4fdb9",
   "metadata": {},
   "outputs": [
    {
     "name": "stdout",
     "output_type": "stream",
     "text": [
      "        age  study_hours_per_day  social_media_hours  netflix_hours  \\\n",
      "0  1.084009            -2.416859           -1.113507      -0.669415   \n",
      "1 -0.215762             2.280566            0.251189       0.446742   \n",
      "2  0.217495            -1.463758            0.507070      -0.483389   \n",
      "3  1.084009            -1.736073            1.189418      -0.762428   \n",
      "4 -0.649019             0.987072            1.615885      -1.227494   \n",
      "\n",
      "   attendance_percentage  sleep_hours  exercise_frequency  \\\n",
      "0               0.092380     1.247496            1.460436   \n",
      "1               1.400995    -1.524898            1.460436   \n",
      "2               1.135017     1.247496           -1.008184   \n",
      "3              -1.397101     2.225988            0.472988   \n",
      "4               0.720090    -1.280275           -0.020736   \n",
      "\n",
      "   mental_health_rating  gender_Male  gender_Other  part_time_job_Yes  \\\n",
      "0              0.899736    -0.954533     -0.209279          -0.523079   \n",
      "1              0.899736    -0.954533     -0.209279          -0.523079   \n",
      "2             -1.558559     1.046585     -0.209279          -0.523079   \n",
      "3             -1.558559    -0.954533     -0.209279          -0.523079   \n",
      "4             -1.558559    -0.954533     -0.209279          -0.523079   \n",
      "\n",
      "   diet_quality_Good  diet_quality_Poor  parental_education_level_High School  \\\n",
      "0          -0.779172          -0.476200                             -0.966075   \n",
      "1           1.282130          -0.476200                              1.034081   \n",
      "2          -0.779172           2.097856                              1.034081   \n",
      "3          -0.779172           2.097856                             -0.966075   \n",
      "4          -0.779172          -0.476200                             -0.966075   \n",
      "\n",
      "   parental_education_level_Master  internet_quality_Good  \\\n",
      "0                         2.232271              -0.898616   \n",
      "1                        -0.447526              -0.898616   \n",
      "2                        -0.447526              -0.898616   \n",
      "3                         2.232271               1.111710   \n",
      "4                         2.232271               1.111710   \n",
      "\n",
      "   internet_quality_Poor  extracurricular_participation_Yes  \n",
      "0              -0.439459                           1.463731  \n",
      "1              -0.439459                          -0.682502  \n",
      "2               2.273250                          -0.682502  \n",
      "3              -0.439459                           1.463731  \n",
      "4              -0.439459                          -0.682502  \n"
     ]
    }
   ],
   "source": [
    "#centralização dos dados\n",
    "df_central = df_final - df_final.mean()\n",
    "#escalonamento\n",
    "df_escal = df_central/df_final.std()\n",
    "print(df_escal.head())"
   ]
  },
  {
   "cell_type": "markdown",
   "id": "9ff764e9",
   "metadata": {},
   "source": [
    "## Matriz de Covariância e Autovetores/Autovalores"
   ]
  },
  {
   "cell_type": "markdown",
   "id": "57d707fc",
   "metadata": {},
   "source": [
    "### Cálculo da Matriz de Covariância"
   ]
  },
  {
   "cell_type": "code",
   "execution_count": 13,
   "id": "e01d2446",
   "metadata": {},
   "outputs": [
    {
     "name": "stdout",
     "output_type": "stream",
     "text": [
      "[[ 1.00000000e+00  3.97117909e-03 -9.15119924e-03 -1.17410395e-03\n",
      "  -2.60552015e-02  3.74819156e-02 -3.83623585e-03 -4.51013606e-02\n",
      "   2.55621263e-02  1.53085438e-02 -1.16803617e-02 -2.00606263e-03\n",
      "  -1.01922211e-02 -2.73541330e-02 -4.84173769e-03  2.99867285e-02\n",
      "   2.50871823e-02 -4.99281817e-03]\n",
      " [ 3.97117909e-03  1.00000000e+00  2.02823140e-02 -3.11583466e-02\n",
      "   2.62641177e-02 -2.77571140e-02 -2.87011920e-02 -3.76782631e-03\n",
      "  -2.56343720e-02  8.81438124e-03 -2.91328371e-02 -3.56487497e-03\n",
      "  -6.67773374e-02  1.47231683e-02  9.00917021e-03  1.51423000e-03\n",
      "  -2.64652647e-02 -3.26420577e-03]\n",
      " [-9.15119924e-03  2.02823140e-02  1.00000000e+00  1.14765638e-02\n",
      "   4.04787925e-02  1.82362596e-02 -3.73190028e-02  1.49649069e-03\n",
      "  -4.99489320e-03  1.56089415e-02  2.12238286e-02  2.60837217e-02\n",
      "   1.13895820e-02  2.92761388e-02  7.50800952e-03  4.60705712e-02\n",
      "  -1.04015169e-02 -1.85973321e-02]\n",
      " [-1.17410395e-03 -3.11583466e-02  1.14765638e-02  1.00000000e+00\n",
      "  -2.09153973e-03 -9.34549060e-04 -6.44822223e-03  8.03423457e-03\n",
      "   9.37358194e-04  4.62660366e-02  9.20691993e-03  2.40552511e-03\n",
      "   2.14628043e-02  8.16586420e-03 -7.95898395e-03  3.04982800e-02\n",
      "  -3.68535003e-02 -5.12477954e-03]\n",
      " [-2.60552015e-02  2.62641177e-02  4.04787925e-02 -2.09153973e-03\n",
      "   1.00000000e+00  1.37560647e-02 -7.85719641e-03 -1.87445601e-02\n",
      "  -2.41077702e-02 -1.18411602e-03 -4.17712010e-02 -6.10240105e-02\n",
      "   3.32619297e-02  2.28751938e-02 -7.25451886e-02 -2.15958096e-02\n",
      "   4.95357999e-02 -1.77782811e-02]\n",
      " [ 3.74819156e-02 -2.77571140e-02  1.82362596e-02 -9.34549060e-04\n",
      "   1.37560647e-02  1.00000000e+00  1.97690236e-02 -6.50796487e-03\n",
      "  -2.42353832e-02  5.71664875e-02  1.64524960e-03 -2.42241409e-02\n",
      "   3.47328909e-02 -2.67062353e-02  1.29773779e-03 -2.19008350e-03\n",
      "  -6.98840938e-03  2.76930005e-02]\n",
      " [-3.83623585e-03 -2.87011920e-02 -3.73190028e-02 -6.44822223e-03\n",
      "  -7.85719641e-03  1.97690236e-02  1.00000000e+00 -2.42292653e-04\n",
      "   6.82066190e-02 -9.26923159e-03 -2.16791967e-02  2.45759178e-02\n",
      "   2.06469245e-02  2.04760722e-02 -3.97506889e-02 -3.05751883e-02\n",
      "   2.70761782e-02 -5.68115108e-03]\n",
      " [-4.51013606e-02 -3.76782631e-03  1.49649069e-03  8.03423457e-03\n",
      "  -1.87445601e-02 -6.50796487e-03 -2.42292653e-04  1.00000000e+00\n",
      "  -6.27913987e-03  2.80963738e-03  1.35387998e-02  5.68365429e-02\n",
      "   1.98801061e-02 -7.42081426e-03 -8.77479101e-02 -5.63850116e-02\n",
      "   1.91142907e-02 -4.74115046e-03]\n",
      " [ 2.55621263e-02 -2.56343720e-02 -4.99489320e-03  9.37358194e-04\n",
      "  -2.41077702e-02 -2.42353832e-02  6.82066190e-02 -6.27913987e-03\n",
      "   1.00000000e+00 -1.99963273e-01  3.14093414e-02  1.93817041e-02\n",
      "  -2.70439915e-02  2.43999211e-03  7.19843368e-03 -3.30973040e-02\n",
      "   7.45855066e-02 -7.24839395e-03]\n",
      " [ 1.53085438e-02  8.81438124e-03  1.56089415e-02  4.62660366e-02\n",
      "  -1.18411602e-03  5.71664875e-02 -9.26923159e-03  2.80963738e-03\n",
      "  -1.99963273e-01  1.00000000e+00  1.17709164e-02 -1.92878732e-02\n",
      "   2.86307546e-02  6.69815357e-02 -1.87128484e-04  3.23474936e-02\n",
      "  -1.08785029e-02  6.89402288e-03]\n",
      " [-1.16803617e-02 -2.91328371e-02  2.12238286e-02  9.20691993e-03\n",
      "  -4.17712010e-02  1.64524960e-03 -2.16791967e-02  1.35387998e-02\n",
      "   3.14093414e-02  1.17709164e-02  1.00000000e+00  3.37846881e-02\n",
      "  -2.36645488e-02  3.97238259e-02 -5.90627664e-03 -2.49934012e-02\n",
      "  -5.17282978e-02 -2.28413428e-02]\n",
      " [-2.00606263e-03 -3.56487497e-03  2.60837217e-02  2.40552511e-03\n",
      "  -6.10240105e-02 -2.42241409e-02  2.45759178e-02  5.68365429e-02\n",
      "   1.93817041e-02 -1.92878732e-02  3.37846881e-02  1.00000000e+00\n",
      "  -3.71413570e-01  1.82663376e-02 -1.17555088e-02  2.91772895e-02\n",
      "  -1.25155860e-02  3.52505768e-03]\n",
      " [-1.01922211e-02 -6.67773374e-02  1.13895820e-02  2.14628043e-02\n",
      "   3.32619297e-02  3.47328909e-02  2.06469245e-02  1.98801061e-02\n",
      "  -2.70439915e-02  2.86307546e-02 -2.36645488e-02 -3.71413570e-01\n",
      "   1.00000000e+00 -6.98322105e-03  2.14395764e-02 -5.02188563e-02\n",
      "   7.19934589e-03  6.17707333e-02]\n",
      " [-2.73541330e-02  1.47231683e-02  2.92761388e-02  8.16586420e-03\n",
      "   2.28751938e-02 -2.67062353e-02  2.04760722e-02 -7.42081426e-03\n",
      "   2.43999211e-03  6.69815357e-02  3.97238259e-02  1.82663376e-02\n",
      "  -6.98322105e-03  1.00000000e+00 -4.32776857e-01 -3.98514288e-02\n",
      "   2.03889995e-02 -2.55247714e-03]\n",
      " [-4.84173769e-03  9.00917021e-03  7.50800952e-03 -7.95898395e-03\n",
      "  -7.25451886e-02  1.29773779e-03 -3.97506889e-02 -8.77479101e-02\n",
      "   7.19843368e-03 -1.87128484e-04 -5.90627664e-03 -1.17555088e-02\n",
      "   2.14395764e-02 -4.32776857e-01  1.00000000e+00  4.50340930e-02\n",
      "  -2.22233118e-02 -1.21247246e-02]\n",
      " [ 2.99867285e-02  1.51423000e-03  4.60705712e-02  3.04982800e-02\n",
      "  -2.15958096e-02 -2.19008350e-03 -3.05751883e-02 -5.63850116e-02\n",
      "  -3.30973040e-02  3.23474936e-02 -2.49934012e-02  2.91772895e-02\n",
      "  -5.02188563e-02 -3.98514288e-02  4.50340930e-02  1.00000000e+00\n",
      "  -3.95299890e-01 -2.22253039e-02]\n",
      " [ 2.50871823e-02 -2.64652647e-02 -1.04015169e-02 -3.68535003e-02\n",
      "   4.95357999e-02 -6.98840938e-03  2.70761782e-02  1.91142907e-02\n",
      "   7.45855066e-02 -1.08785029e-02 -5.17282978e-02 -1.25155860e-02\n",
      "   7.19934589e-03  2.03889995e-02 -2.22233118e-02 -3.95299890e-01\n",
      "   1.00000000e+00  3.19603982e-02]\n",
      " [-4.99281817e-03 -3.26420577e-03 -1.85973321e-02 -5.12477954e-03\n",
      "  -1.77782811e-02  2.76930005e-02 -5.68115108e-03 -4.74115046e-03\n",
      "  -7.24839395e-03  6.89402288e-03 -2.28413428e-02  3.52505768e-03\n",
      "   6.17707333e-02 -2.55247714e-03 -1.21247246e-02 -2.22253039e-02\n",
      "   3.19603982e-02  1.00000000e+00]]\n"
     ]
    }
   ],
   "source": [
    "mcov = np.cov(df_escal, rowvar = False) # aqui a escolha de usar numpy no lugar de df.cov() é para facilitar as operações com a matriz cov para calcular os autovetores/valores\n",
    "print(mcov) # a saída é um n-dimensional array e não um dataframe"
   ]
  },
  {
   "cell_type": "markdown",
   "id": "c823bf7d",
   "metadata": {},
   "source": [
    "### Cálculos dos Autovetores e Autovalores"
   ]
  },
  {
   "cell_type": "code",
   "execution_count": 14,
   "id": "93466ee5",
   "metadata": {},
   "outputs": [
    {
     "data": {
      "text/plain": [
       "array([[-4.49508887e-02, -2.01163087e-02,  3.17402474e-02,\n",
       "         1.44345860e-03, -8.49801491e-02,  5.87150499e-01,\n",
       "         2.71557319e-01, -2.96912500e-01, -9.41829899e-02,\n",
       "        -1.28514909e-01,  5.25458291e-01, -8.97190747e-02,\n",
       "         1.08904816e-01, -3.68607495e-01, -1.19704368e-01,\n",
       "         5.03521654e-02, -5.99671000e-02,  7.04468665e-02],\n",
       "       [-3.64085494e-02,  9.04067008e-02, -8.26620424e-03,\n",
       "        -1.86555792e-01,  5.16216851e-01,  5.63035439e-02,\n",
       "        -1.45848735e-01, -1.84016288e-01,  7.77287198e-02,\n",
       "         4.34867952e-02,  2.59157288e-01,  6.46165735e-01,\n",
       "        -3.39313670e-01,  7.59912971e-02, -1.93430872e-02,\n",
       "         7.17483083e-02,  8.78133771e-02, -6.38651544e-02],\n",
       "       [-3.65818469e-02,  7.24581009e-02, -1.03592712e-01,\n",
       "        -5.59526570e-02,  2.17634092e-01, -1.74200174e-01,\n",
       "         5.99133465e-01,  2.04746310e-01,  3.43710068e-01,\n",
       "        -5.75569684e-02,  1.79595930e-02,  2.54488454e-01,\n",
       "         5.37778219e-01,  2.62102117e-02, -9.93572552e-02,\n",
       "        -7.41378160e-02, -9.09532121e-02, -2.97941791e-02],\n",
       "       [-4.19814811e-02,  3.12725128e-02, -1.33664027e-01,\n",
       "         3.56911675e-02, -2.69073561e-01, -1.41127113e-01,\n",
       "         1.96351236e-01,  2.42183272e-01, -3.32802105e-01,\n",
       "        -7.06568979e-01,  6.34866396e-02,  2.39994778e-01,\n",
       "        -2.89116404e-01,  1.00906235e-01, -1.46996735e-01,\n",
       "        -3.39996931e-02,  1.33008124e-02,  1.61047079e-02],\n",
       "       [ 1.52206684e-01, -7.65561507e-02, -1.39172496e-01,\n",
       "        -4.32648579e-02,  4.73148342e-01,  3.21274042e-02,\n",
       "         2.02092147e-01,  4.12583587e-01, -3.47471738e-02,\n",
       "        -1.31620351e-02, -1.49147234e-01, -2.74215457e-01,\n",
       "        -3.65313913e-01, -5.09234280e-01,  9.56892712e-02,\n",
       "         7.87402798e-02, -2.71222909e-02,  7.79612708e-02],\n",
       "       [-1.72684002e-02, -1.00654033e-01, -1.16993304e-01,\n",
       "        -1.50100660e-01, -2.82881693e-01,  3.40393787e-01,\n",
       "         2.94911416e-01,  2.79414268e-01,  3.52002303e-01,\n",
       "         2.94199849e-01,  8.66468708e-02, -6.20780098e-02,\n",
       "        -4.22449542e-01,  4.32911576e-01, -4.14387888e-02,\n",
       "         4.15556158e-03,  3.88514726e-02,  3.84370727e-02],\n",
       "       [ 1.23018270e-01, -1.60500642e-03,  8.96480475e-02,\n",
       "         2.21466891e-01, -2.41707124e-01,  2.81564700e-01,\n",
       "        -1.78416419e-01,  4.55454274e-01, -1.78614171e-01,\n",
       "         3.12561667e-01, -1.39769150e-01,  5.07117397e-01,\n",
       "         1.48511958e-01, -2.87877905e-01, -1.75112250e-01,\n",
       "        -8.19644667e-02, -2.80096067e-04,  4.68424472e-02],\n",
       "       [ 1.37126424e-01,  7.61091843e-02,  3.14321391e-02,\n",
       "        -9.81416351e-02, -2.05303838e-01, -4.67545487e-01,\n",
       "        -1.98373069e-01,  2.59665338e-01,  1.80759121e-01,\n",
       "         1.13897149e-01,  6.78330403e-01, -5.89532138e-02,\n",
       "        -2.02901499e-02, -1.97006544e-01,  9.89501783e-02,\n",
       "        -9.04516254e-02,  2.40149926e-02,  1.73870368e-01],\n",
       "       [ 9.63086620e-02, -5.68060214e-03,  3.67736328e-01,\n",
       "         5.41766361e-01,  2.99133261e-03,  5.25472719e-02,\n",
       "         1.84176053e-01,  1.82947389e-02,  1.03472903e-01,\n",
       "        -9.34169216e-02,  7.79968963e-02,  1.31077316e-01,\n",
       "        -9.80746462e-02,  7.94764008e-02,  6.67379064e-01,\n",
       "         5.83349516e-02, -1.13505058e-01, -6.79075834e-02],\n",
       "       [-1.71179863e-02,  2.07960802e-02, -3.65061246e-01,\n",
       "        -5.21175954e-01, -2.28361784e-01,  7.95344700e-02,\n",
       "         2.31464828e-02, -2.26132227e-02, -2.00017685e-01,\n",
       "         5.48483771e-02, -8.36065645e-02,  1.70592087e-01,\n",
       "         1.24498917e-01, -1.18356406e-01,  6.30354414e-01,\n",
       "         4.72528422e-03, -1.17227208e-01, -1.23011650e-01],\n",
       "       [-7.97081131e-04,  1.32738672e-01,  9.88459614e-03,\n",
       "         8.24365027e-02, -3.09596578e-01, -3.37058334e-01,\n",
       "         3.96669086e-01, -4.29218104e-01,  4.66693689e-02,\n",
       "         2.78718141e-01, -2.01623371e-01,  1.60606959e-01,\n",
       "        -3.30886623e-01, -3.71411373e-01, -9.87053698e-02,\n",
       "        -7.13280262e-02,  1.20130047e-01, -3.80917360e-02],\n",
       "       [-7.78434987e-02,  5.25128720e-01,  3.54314799e-01,\n",
       "        -2.29415897e-01, -1.20381277e-01,  3.88623041e-02,\n",
       "         4.71221644e-03,  1.65935969e-01,  8.50743820e-02,\n",
       "        -7.14903971e-02, -7.43658748e-02, -5.94312100e-02,\n",
       "         3.72699131e-02, -7.29805746e-02, -3.14637701e-02,\n",
       "         6.35686434e-01,  1.86056890e-01, -1.69175168e-01],\n",
       "       [ 1.04404097e-01, -5.30488607e-01, -3.56556214e-01,\n",
       "         2.23408238e-01, -7.76240073e-02, -1.22829473e-01,\n",
       "        -2.16434330e-02, -4.10794581e-02,  5.57432737e-02,\n",
       "         2.50800857e-02,  9.49393892e-02,  8.50211758e-02,\n",
       "         1.01020485e-01, -3.63269908e-02, -3.08282665e-02,\n",
       "         6.12498329e-01,  2.53096092e-01, -1.88955300e-01],\n",
       "       [ 4.67907561e-01,  3.61387557e-01, -3.18219936e-01,\n",
       "         1.34683683e-01,  1.86501315e-02,  7.55402354e-02,\n",
       "         8.80063255e-03, -1.51823445e-01, -4.40069375e-03,\n",
       "        -2.09383322e-02, -8.42492652e-02,  3.42486422e-02,\n",
       "         6.93719913e-02,  1.52260499e-01,  5.94258446e-02,\n",
       "         1.72198407e-01,  1.07633478e-01,  6.48369380e-01],\n",
       "       [-4.95948608e-01, -3.50607791e-01,  2.87480350e-01,\n",
       "        -1.63871308e-01, -7.46617911e-03, -8.33900431e-02,\n",
       "         6.44854418e-02,  1.36244821e-02, -4.75124654e-02,\n",
       "         1.51765256e-02, -9.88531405e-02,  1.11971858e-01,\n",
       "         2.62166198e-02, -3.94938689e-02,  1.03529185e-01,\n",
       "         1.70995434e-01,  6.97300771e-02,  6.62111972e-01],\n",
       "       [-4.83298585e-01,  2.48689303e-01, -3.10172466e-01,\n",
       "         2.67335577e-01,  4.91326188e-02,  1.04987849e-01,\n",
       "        -6.89891785e-02,  9.54442509e-02,  7.38403435e-02,\n",
       "        -1.48916396e-02,  3.96977941e-02, -7.32196568e-02,\n",
       "         5.10181126e-02, -7.23400726e-02,  1.71517983e-01,\n",
       "        -2.27679801e-01,  6.38025484e-01, -2.85501498e-02],\n",
       "       [ 4.55357437e-01, -2.48082507e-01,  3.55310425e-01,\n",
       "        -2.85045547e-01,  1.96708289e-02,  5.16503507e-02,\n",
       "         1.29934636e-01, -1.77944380e-02, -7.83831164e-02,\n",
       "        -9.88817297e-02, -3.52038091e-02, -2.74172292e-05,\n",
       "         9.77269256e-02,  4.13552872e-02,  6.53331262e-02,\n",
       "        -2.38677455e-01,  6.41486930e-01, -4.68124291e-02],\n",
       "       [ 6.15764961e-02, -1.05952011e-01, -2.48085382e-02,\n",
       "        -7.43119264e-02, -1.74184366e-01,  1.46290861e-01,\n",
       "        -3.00499344e-01, -8.53593380e-02,  6.99567202e-01,\n",
       "        -4.19308109e-01, -2.34528084e-01,  1.02260251e-01,\n",
       "        -4.44405324e-02, -2.87165827e-01,  1.12513927e-02,\n",
       "        -9.53220676e-02, -5.15811410e-02,  5.03058480e-02]])"
      ]
     },
     "execution_count": 14,
     "metadata": {},
     "output_type": "execute_result"
    }
   ],
   "source": [
    "autovalores,autovetores = np.linalg.eig(mcov)\n",
    "#Ordenamento dos autovalores - encontrar o autovalor de maior variância e seu autovetor associado (loadings do PC1)\n",
    "idx = autovalores.argsort()[::-1] # argsort do numpy retorna os indíces que ordenam os valores crescentemente. [::-1] inverte a ordem, retornando os índices descrescentes.\n",
    "autovalores = autovalores[idx]\n",
    "autovetores[:, idx]"
   ]
  },
  {
   "cell_type": "code",
   "execution_count": 15,
   "id": "ffa5b569",
   "metadata": {},
   "outputs": [
    {
     "name": "stdout",
     "output_type": "stream",
     "text": [
      "1.5228641781927181 1.4471168703582755\n"
     ]
    }
   ],
   "source": [
    "print(autovalores[0], autovalores[1])"
   ]
  },
  {
   "cell_type": "code",
   "execution_count": 16,
   "id": "d64ab195",
   "metadata": {},
   "outputs": [
    {
     "name": "stdout",
     "output_type": "stream",
     "text": [
      "[-0.04495089 -0.03640855 -0.03658185 -0.04198148  0.15220668 -0.0172684\n",
      "  0.12301827  0.13712642  0.09630866 -0.01711799 -0.00079708 -0.0778435\n",
      "  0.1044041   0.46790756 -0.49594861 -0.48329859  0.45535744  0.0615765 ] [-0.02011631  0.0904067   0.0724581   0.03127251 -0.07655615 -0.10065403\n",
      " -0.00160501  0.07610918 -0.0056806   0.02079608  0.13273867  0.52512872\n",
      " -0.53048861  0.36138756 -0.35060779  0.2486893  -0.24808251 -0.10595201]\n"
     ]
    }
   ],
   "source": [
    "print(autovetores[:,0], autovetores[:,1])"
   ]
  },
  {
   "cell_type": "markdown",
   "id": "4bd1cf64",
   "metadata": {},
   "source": [
    "## Plotagem PC1 x PC2"
   ]
  },
  {
   "cell_type": "markdown",
   "id": "9233a937",
   "metadata": {},
   "source": [
    "### Cálculo dos componentes principais"
   ]
  },
  {
   "cell_type": "code",
   "execution_count": 17,
   "id": "b605d2b5",
   "metadata": {},
   "outputs": [],
   "source": [
    "df_pca = np.dot(df_escal, autovetores)\n",
    "\n",
    "df_pca = pd.DataFrame(df_pca, columns=[f'PC{i+1}' for i in range (autovetores.shape[1])])"
   ]
  },
  {
   "cell_type": "code",
   "execution_count": 18,
   "id": "57b07af2",
   "metadata": {},
   "outputs": [
    {
     "name": "stdout",
     "output_type": "stream",
     "text": [
      "        PC1       PC2       PC3       PC4       PC5       PC6       PC7  \\\n",
      "0 -0.908139 -2.034655  0.908973  1.836901 -1.192233 -0.623170 -0.754344   \n",
      "1  1.101848  1.701065  0.057270  0.483933 -0.431629  1.001927 -0.996758   \n",
      "2  2.376423 -2.230837 -0.334529 -0.126791  1.015520  0.918557  0.682046   \n",
      "3 -2.418289 -2.844686 -0.937106  0.627344  0.610631  0.567075 -0.970608   \n",
      "4 -2.514449 -0.762743  0.045694  0.696722  0.174423 -0.520027 -0.300291   \n",
      "\n",
      "        PC8       PC9      PC10      PC11      PC12      PC13      PC14  \\\n",
      "0 -0.563730 -1.176046 -2.253656  1.182669 -0.885202  0.171888 -1.324837   \n",
      "1 -0.723813 -1.181905  1.864802 -0.472230 -0.940184 -0.218514  1.681986   \n",
      "2  0.576590  1.145470  0.500017  0.896468  2.041818  0.366975 -1.536990   \n",
      "3  0.229732  0.638387 -1.715209  1.884401  0.833992  1.602834 -0.257669   \n",
      "4 -0.411475 -0.295704  2.742336 -0.250792  0.312976  1.323705  0.602733   \n",
      "\n",
      "       PC15      PC16      PC17      PC18  \n",
      "0 -0.060254  0.690264  1.094502  0.603905  \n",
      "1  0.580574  0.031548  1.116079 -1.039862  \n",
      "2 -0.800949 -0.020192 -0.053631 -0.029955  \n",
      "3 -0.746770  0.406506  0.075146  1.899444  \n",
      "4 -1.265147  0.673349  0.021179 -0.288826  \n"
     ]
    }
   ],
   "source": [
    "print(df_pca.head())"
   ]
  },
  {
   "cell_type": "markdown",
   "id": "6ad01ee6",
   "metadata": {},
   "source": [
    "### Pegando só PC1 e PC2 para a plotagem"
   ]
  },
  {
   "cell_type": "code",
   "execution_count": 19,
   "id": "fb6f73d1",
   "metadata": {},
   "outputs": [
    {
     "name": "stdout",
     "output_type": "stream",
     "text": [
      "            0         1\n",
      "0   -0.908139 -2.034655\n",
      "1    1.101848  1.701065\n",
      "2    2.376423 -2.230837\n",
      "3   -2.418289 -2.844686\n",
      "4   -2.514449 -0.762743\n",
      "..        ...       ...\n",
      "995 -0.099743  0.332328\n",
      "996  1.257134 -1.117746\n",
      "997 -0.951374  1.117841\n",
      "998 -0.217262 -0.324944\n",
      "999 -0.143700  0.683799\n",
      "\n",
      "[1000 rows x 2 columns]\n"
     ]
    }
   ],
   "source": [
    "Z = df_escal @ autovetores[:,:2]\n",
    "print(Z)\n",
    "Z_manual = Z = np.array(Z)"
   ]
  },
  {
   "cell_type": "code",
   "execution_count": 20,
   "id": "7ac19abc",
   "metadata": {},
   "outputs": [
    {
     "name": "stdout",
     "output_type": "stream",
     "text": [
      "17.99999999999999\n",
      "8.460356545515106 %\n"
     ]
    }
   ],
   "source": [
    "print(autovalores.sum())\n",
    "print(f'{100*autovalores[0]/autovalores.sum()} %')"
   ]
  },
  {
   "cell_type": "code",
   "execution_count": 21,
   "id": "1f964577",
   "metadata": {},
   "outputs": [
    {
     "name": "stdout",
     "output_type": "stream",
     "text": [
      "[1.52286418 1.44711687 1.38500962 1.16876443 1.10329462 1.0743156\n",
      " 1.04384198 1.01507065 1.00434945 0.98978569 0.97027055 0.94828558\n",
      " 0.93056729 0.88923039 0.78274332 0.61278002 0.57651146 0.53519831]\n"
     ]
    }
   ],
   "source": [
    "print(autovalores)"
   ]
  },
  {
   "cell_type": "code",
   "execution_count": 22,
   "id": "546eed41",
   "metadata": {},
   "outputs": [
    {
     "name": "stdout",
     "output_type": "stream",
     "text": [
      "0      Recuperação\n",
      "1        Excelente\n",
      "2        Reprovado\n",
      "3        Reprovado\n",
      "4      Recuperação\n",
      "          ...     \n",
      "995            Bom\n",
      "996    Recuperação\n",
      "997    Recuperação\n",
      "998    Recuperação\n",
