{
 "cells": [
  {
   "cell_type": "markdown",
   "id": "06568c06",
   "metadata": {},
   "source": [
    "# Implementação PCA e Análise Multivariada"
   ]
  },
  {
   "cell_type": "markdown",
   "id": "37463786",
   "metadata": {},
   "source": [
    "## Preparação"
   ]
  },
  {
   "cell_type": "markdown",
   "id": "5b0877bc",
   "metadata": {},
   "source": [
    "### Carregamento das Bibliotecas"
   ]
  },
  {
   "cell_type": "code",
   "execution_count": 1,
   "id": "977cd72f",
   "metadata": {},
   "outputs": [],
   "source": [
    "import sys\n",
    "import os\n",
    "import pandas as pd\n",
    "import numpy as np\n",
    "import matplotlib.pyplot as plt\n",
    "\n",
    "proj_root = os.path.abspath(os.path.join(os.getcwd(), \"..\"))\n",
    "sys.path.append(proj_root)\n",
    "from src.funcoes_pca import*"
   ]
  },
  {
   "cell_type": "markdown",
   "id": "ee40462e",
   "metadata": {},
   "source": [
    "### Carregamentos dos Dados"
   ]
  },
  {
   "cell_type": "code",
   "execution_count": 2,
   "id": "9999697d",
   "metadata": {},
   "outputs": [],
   "source": [
    "caminho_dados = \"../dados/student_habits_preprocessed.csv\"\n",
    "\n",
    "# Executando o pré processamento\n",
    "df = pd.read_csv(caminho_dados)\n",
    "\n"
   ]
  },
  {
   "cell_type": "markdown",
   "id": "7da38192",
   "metadata": {},
   "source": [
    "## Pré-PCA"
   ]
  },
  {
   "cell_type": "markdown",
   "id": "ecfda0da",
   "metadata": {},
   "source": [
    "### Variáveis Dummy"
   ]
  },
  {
   "cell_type": "markdown",
   "id": "c03e8336",
   "metadata": {},
   "source": [
    "Precisamos transformar nossas variáveis categóricas, que observamos anteriormente no pré-processamento, em numéricas para que seja possível aplicar a Análise de Componente Principal."
   ]
  },
  {
   "cell_type": "code",
   "execution_count": 3,
   "id": "906ffc72",
   "metadata": {},
   "outputs": [
    {
     "name": "stdout",
     "output_type": "stream",
     "text": [
      "Index(['student_id', 'age', 'gender', 'study_hours_per_day',\n",
      "       'social_media_hours', 'netflix_hours', 'part_time_job',\n",
      "       'attendance_percentage', 'sleep_hours', 'diet_quality',\n",
      "       'exercise_frequency', 'parental_education_level', 'internet_quality',\n",
      "       'mental_health_rating', 'extracurricular_participation', 'exam_score',\n",
      "       'performance_class'],\n",
      "      dtype='object')\n"
     ]
    }
   ],
   "source": [
    "#Todas as Colunas presentes no dataframe\n",
    "print(df.columns)"
   ]
  },
  {
   "cell_type": "code",
   "execution_count": 4,
   "id": "07ea58f8",
   "metadata": {},
   "outputs": [
    {
     "name": "stdout",
     "output_type": "stream",
     "text": [
      "  student_id  age  gender  study_hours_per_day  social_media_hours  \\\n",
      "0      S1000   23  Female                  0.0                 1.2   \n",
      "1      S1001   20  Female                  6.9                 2.8   \n",
      "2      S1002   21    Male                  1.4                 3.1   \n",
      "3      S1003   23  Female                  1.0                 3.9   \n",
      "4      S1004   19  Female                  5.0                 4.4   \n",
      "\n",
      "   netflix_hours part_time_job  attendance_percentage  sleep_hours  \\\n",
      "0            1.1            No                   85.0          8.0   \n",
      "1            2.3            No                   97.3          4.6   \n",
      "2            1.3            No                   94.8          8.0   \n",
      "3            1.0            No                   71.0          9.2   \n",
      "4            0.5            No                   90.9          4.9   \n",
      "\n",
      "  diet_quality  exercise_frequency parental_education_level internet_quality  \\\n",
      "0         Fair                   6                   Master          Average   \n",
      "1         Good                   6              High School          Average   \n",
      "2         Poor                   1              High School             Poor   \n",
      "3         Poor                   4                   Master             Good   \n",
      "4         Fair                   3                   Master             Good   \n",
      "\n",
      "   mental_health_rating extracurricular_participation  exam_score  \\\n",
      "0                     8                           Yes        56.2   \n",
      "1                     8                            No       100.0   \n",
      "2                     1                            No        34.3   \n",
      "3                     1                           Yes        26.8   \n",
      "4                     1                            No        66.4   \n",
      "\n",
      "  performance_class  \n",
      "0       Recuperação  \n",
      "1         Excelente  \n",
      "2         Reprovado  \n",
      "3         Reprovado  \n",
      "4       Recuperação  \n"
     ]
    }
   ],
   "source": [
    "#Visualização dos primeiros elementos do dataframe\n",
    "print(df.head())"
   ]
  },
  {
   "cell_type": "markdown",
   "id": "dfb7b0c4",
   "metadata": {},
   "source": [
    "Agrupamos as variáveis categóricas numa lista para aplicar a função get_dummies do pandas, que tem como objetivo criar as variáveis dummy, substituindo os valores categóricos. Também garantimos que os valores substituídos sejam numéricos ao usar dtype = int"
   ]
  },
  {
   "cell_type": "code",
   "execution_count": 5,
   "id": "54d71183",
   "metadata": {},
   "outputs": [],
   "source": [
    "#o id do estudante é desconsiderado, já que não nos entrega informações relevantes\n",
    "#performance_class é nossa class label e associada diretamente com o que queremos prever. Então também não é colocada.\n",
    "colunas_categoricas = [\n",
    "    \"gender\",\n",
    "    \"part_time_job\",\n",
    "    \"diet_quality\",\n",
    "    \"parental_education_level\",\n",
    "    \"internet_quality\",\n",
    "    \"extracurricular_participation\"\n",
    "]\n"
   ]
  },
  {
   "cell_type": "code",
   "execution_count": 6,
   "id": "5468b610",
   "metadata": {},
   "outputs": [
    {
     "name": "stdout",
     "output_type": "stream",
     "text": [
      "   gender_Male  gender_Other  part_time_job_Yes  diet_quality_Good  \\\n",
      "0            0             0                  0                  0   \n",
      "1            0             0                  0                  1   \n",
      "2            1             0                  0                  0   \n",
      "3            0             0                  0                  0   \n",
      "4            0             0                  0                  0   \n",
      "\n",
      "   diet_quality_Poor  parental_education_level_High School  \\\n",
      "0                  0                                     0   \n",
      "1                  0                                     1   \n",
      "2                  1                                     1   \n",
      "3                  1                                     0   \n",
      "4                  0                                     0   \n",
      "\n",
      "   parental_education_level_Master  internet_quality_Good  \\\n",
      "0                                1                      0   \n",
      "1                                0                      0   \n",
      "2                                0                      0   \n",
      "3                                1                      1   \n",
      "4                                1                      1   \n",
      "\n",
      "   internet_quality_Poor  extracurricular_participation_Yes  \n",
      "0                      0                                  1  \n",
      "1                      0                                  0  \n",
      "2                      1                                  0  \n",
      "3                      0                                  1  \n",
      "4                      0                                  0  \n"
     ]
    }
   ],
   "source": [
    "df_dummy = pd.get_dummies(df[colunas_categoricas], drop_first= True, dtype = int) \n",
    "#drop_first evita multicolinearidade ao omitir uma variável dummy associada. Podemos inferir a variável dummy omitida.\n",
    "print(df_dummy.head())"
   ]
  },
  {
   "cell_type": "markdown",
   "id": "f1f3ae5b",
   "metadata": {},
   "source": [
    "Com os valores substituídos por 0s e 1s em variáveis mais específicas, juntamos os valores numéricos e categóricos novamente ao dataframe."
   ]
  },
  {
   "cell_type": "code",
   "execution_count": 7,
   "id": "e22eeab2",
   "metadata": {},
   "outputs": [],
   "source": [
    "#exam_score representa o desempenho do aluno e é o que queremos prever. Portanto, não mantemos sua coluna no dataframe\n",
    "colunas_numericas = [\n",
    "    \"age\",\n",
    "    \"study_hours_per_day\",\n",
    "    \"social_media_hours\",\n",
    "    \"netflix_hours\",\n",
    "    \"attendance_percentage\",\n",
    "    \"sleep_hours\",\n",
    "    \"exercise_frequency\",\n",
    "    \"mental_health_rating\",\n",
    "]"
   ]
  },
  {
   "cell_type": "code",
   "execution_count": 8,
   "id": "2d26eb77",
   "metadata": {},
   "outputs": [
    {
     "name": "stdout",
     "output_type": "stream",
     "text": [
      "   age  study_hours_per_day  social_media_hours  netflix_hours  \\\n",
      "0   23                  0.0                 1.2            1.1   \n",
      "1   20                  6.9                 2.8            2.3   \n",
      "2   21                  1.4                 3.1            1.3   \n",
      "3   23                  1.0                 3.9            1.0   \n",
      "4   19                  5.0                 4.4            0.5   \n",
      "\n",
      "   attendance_percentage  sleep_hours  exercise_frequency  \\\n",
      "0                   85.0          8.0                   6   \n",
      "1                   97.3          4.6                   6   \n",
      "2                   94.8          8.0                   1   \n",
      "3                   71.0          9.2                   4   \n",
      "4                   90.9          4.9                   3   \n",
      "\n",
      "   mental_health_rating  gender_Male  gender_Other  part_time_job_Yes  \\\n",
      "0                     8            0             0                  0   \n",
      "1                     8            0             0                  0   \n",
      "2                     1            1             0                  0   \n",
      "3                     1            0             0                  0   \n",
      "4                     1            0             0                  0   \n",
      "\n",
      "   diet_quality_Good  diet_quality_Poor  parental_education_level_High School  \\\n",
      "0                  0                  0                                     0   \n",
      "1                  1                  0                                     1   \n",
      "2                  0                  1                                     1   \n",
      "3                  0                  1                                     0   \n",
      "4                  0                  0                                     0   \n",
      "\n",
      "   parental_education_level_Master  internet_quality_Good  \\\n",
      "0                                1                      0   \n",
      "1                                0                      0   \n",
      "2                                0                      0   \n",
      "3                                1                      1   \n",
      "4                                1                      1   \n",
      "\n",
      "   internet_quality_Poor  extracurricular_participation_Yes  \n",
      "0                      0                                  1  \n",
      "1                      0                                  0  \n",
      "2                      1                                  0  \n",
      "3                      0                                  1  \n",
      "4                      0                                  0  \n"
     ]
    }
   ],
   "source": [
    "#juntamos novamente as colunas no dataframe. Agora, com apenas preditores numéricos\n",
    "df_final = pd.concat([df[colunas_numericas], df_dummy], axis = 1) # axis = 1 para agrupar por coluna\n",
    "print(df_final.head())"
   ]
  },
  {
   "cell_type": "markdown",
   "id": "711a33f1",
   "metadata": {},
   "source": [
    "### Centering e Scaling"
   ]
  },
  {
   "cell_type": "code",
   "execution_count": 9,
   "id": "5a1a0d86",
   "metadata": {},
   "outputs": [
    {
     "name": "stdout",
     "output_type": "stream",
     "text": [
      "Médias:\n",
      " age                                     20.501532\n",
      "study_hours_per_day                      3.520327\n",
      "social_media_hours                       2.483146\n",
      "netflix_hours                            1.803984\n",
      "attendance_percentage                   84.127681\n",
      "sleep_hours                              6.463841\n",
      "exercise_frequency                       3.036772\n",
      "mental_health_rating                     5.436159\n",
      "gender_Male                              0.479060\n",
      "gender_Other                             0.041879\n",
      "part_time_job_Yes                        0.213483\n",
      "diet_quality_Good                        0.378958\n",
      "diet_quality_Poor                        0.181818\n",
      "parental_education_level_High School     0.481103\n",
      "parental_education_level_Master          0.167518\n",
      "internet_quality_Good                    0.447395\n",
      "internet_quality_Poor                    0.161389\n",
      "extracurricular_participation_Yes        0.318693\n",
      "dtype: float64\n"
     ]
    }
   ],
   "source": [
    "print('Médias:\\n', df_final.mean())"
   ]
  },
  {
   "cell_type": "code",
   "execution_count": 10,
   "id": "cc9ff339",
   "metadata": {},
   "outputs": [
    {
     "name": "stdout",
     "output_type": "stream",
     "text": [
      "Desvio padrão: \n",
      " age                                     2.309567\n",
      "study_hours_per_day                     1.439092\n",
      "social_media_hours                      1.149425\n",
      "netflix_hours                           1.057254\n",
      "attendance_percentage                   9.314441\n",
      "sleep_hours                             1.220036\n",
      "exercise_frequency                      2.025572\n",
      "mental_health_rating                    2.853757\n",
      "gender_Male                             0.499817\n",
      "gender_Other                            0.200416\n",
      "part_time_job_Yes                       0.409975\n",
      "diet_quality_Good                       0.485376\n",
      "diet_quality_Poor                       0.385892\n",
      "parental_education_level_High School    0.499898\n",
      "parental_education_level_Master         0.373628\n",
      "internet_quality_Good                   0.497479\n",
      "internet_quality_Poor                   0.368078\n",
      "extracurricular_participation_Yes       0.466208\n",
      "dtype: float64\n"
     ]
    }
   ],
   "source": [
    "print(f'Desvio padrão: \\n {df_final.std()}')"
   ]
  },
  {
   "cell_type": "code",
   "execution_count": 11,
   "id": "72f4fdb9",
   "metadata": {},
   "outputs": [
    {
     "name": "stdout",
     "output_type": "stream",
     "text": [
      "        age  study_hours_per_day  social_media_hours  netflix_hours  \\\n",
      "0  1.081791            -2.446213           -1.116337      -0.665861   \n",
      "1 -0.217154             2.348475            0.275663       0.469155   \n",
      "2  0.215827            -1.473378            0.536663      -0.476691   \n",
      "3  1.081791            -1.751331            1.232663      -0.760445   \n",
      "4 -0.650136             1.028199            1.667663      -1.233369   \n",
      "\n",
      "   attendance_percentage  sleep_hours  exercise_frequency  \\\n",
      "0               0.093652     1.259110            1.462909   \n",
      "1               1.414182    -1.527694            1.462909   \n",
      "2               1.145782     1.259110           -1.005530   \n",
      "3              -1.409390     2.242688            0.475534   \n",
      "4               0.727077    -1.281799           -0.018154   \n",
      "\n",
      "   mental_health_rating  gender_Male  gender_Other  part_time_job_Yes  \\\n",
      "0              0.898409    -0.958472     -0.208963          -0.520722   \n",
      "1              0.898409    -0.958472     -0.208963          -0.520722   \n",
      "2             -1.554498     1.042262     -0.208963          -0.520722   \n",
      "3             -1.554498    -0.958472     -0.208963          -0.520722   \n",
      "4             -1.554498    -0.958472     -0.208963          -0.520722   \n",
      "\n",
      "   diet_quality_Good  diet_quality_Poor  parental_education_level_High School  \\\n",
      "0          -0.780752          -0.471164                             -0.962402   \n",
      "1           1.279508          -0.471164                              1.038005   \n",
      "2          -0.780752           2.120237                              1.038005   \n",
      "3          -0.780752           2.120237                             -0.962402   \n",
      "4          -0.780752          -0.471164                             -0.962402   \n",
      "\n",
      "   parental_education_level_Master  internet_quality_Good  \\\n",
      "0                         2.228101              -0.899325   \n",
      "1                        -0.448354              -0.899325   \n",
      "2                        -0.448354              -0.899325   \n",
      "3                         2.228101               1.110810   \n",
      "4                         2.228101               1.110810   \n",
      "\n",
      "   internet_quality_Poor  extracurricular_participation_Yes  \n",
      "0              -0.438465                           1.461382  \n",
      "1              -0.438465                          -0.683585  \n",
      "2               2.278354                          -0.683585  \n",
      "3              -0.438465                           1.461382  \n",
      "4              -0.438465                          -0.683585  \n"
     ]
    }
   ],
   "source": [
    "#centralização dos dados\n",
    "df_central = df_final - df_final.mean()\n",
    "#escalonamento\n",
    "df_escal = df_central/df_final.std()\n",
    "print(df_escal.head())"
   ]
  },
  {
   "cell_type": "markdown",
   "id": "9ff764e9",
   "metadata": {},
   "source": [
    "## Matriz de Covariância e Autovetores/Autovalores"
   ]
  },
  {
   "cell_type": "markdown",
   "id": "57d707fc",
   "metadata": {},
   "source": [
    "### Cálculo da Matriz de Covariância"
   ]
  },
  {
   "cell_type": "code",
   "execution_count": 12,
   "id": "e01d2446",
   "metadata": {},
   "outputs": [
    {
     "name": "stdout",
     "output_type": "stream",
     "text": [
      "[[ 1.00000000e+00  1.56033192e-02 -4.24636725e-03 -9.27774106e-03\n",
      "  -1.53710128e-02  4.02263369e-02 -6.67754382e-04 -4.54788962e-02\n",
      "   2.99224870e-02  1.64288219e-02 -7.36498061e-03 -1.37442453e-02\n",
      "  -6.04923531e-03 -2.32225130e-02 -1.21469897e-02  3.23301764e-02\n",
      "   1.77507353e-02  4.95666335e-04]\n",
      " [ 1.56033192e-02  1.00000000e+00  1.59268018e-02 -3.69749856e-02\n",
      "   2.00328165e-02 -2.16178724e-02 -3.61406496e-02 -8.98290657e-03\n",
      "  -2.26499587e-02  1.47713954e-02 -3.40517948e-02  9.45457092e-03\n",
      "  -7.90220452e-02  1.41080577e-02  6.78206325e-03 -1.43275041e-03\n",
      "  -1.83606774e-02 -1.66758883e-02]\n",
      " [-4.24636725e-03  1.59268018e-02  1.00000000e+00  5.14576029e-03\n",
      "   2.75221674e-02  2.07536441e-02 -3.91271054e-02  3.49020459e-03\n",
      "  -1.22725805e-02  1.72707190e-02  1.15487812e-02  2.86876400e-02\n",
      "   3.91889785e-03  2.19558804e-02  2.15805547e-02  4.30624317e-02\n",
      "  -1.26569847e-02 -2.14500423e-02]\n",
      " [-9.27774106e-03 -3.69749856e-02  5.14576029e-03  1.00000000e+00\n",
      "  -5.67308788e-03 -1.33958366e-02 -4.93853390e-03  1.53515896e-02\n",
      "   1.24449896e-02  3.58862271e-02  1.17180308e-02  3.03275001e-03\n",
      "   2.25330500e-02 -3.41081704e-04 -2.98532502e-03  3.37392579e-02\n",
      "  -5.28900193e-02  6.54923587e-03]\n",
      " [-1.53710128e-02  2.00328165e-02  2.75221674e-02 -5.67308788e-03\n",
      "   1.00000000e+00  1.20155312e-02 -1.36677118e-02 -2.06536560e-02\n",
      "  -3.16010623e-02 -9.82361971e-03 -4.24896900e-02 -5.94973069e-02\n",
      "   3.18246094e-02  1.46167173e-02 -5.83326658e-02 -3.00817476e-02\n",
      "   4.28052113e-02 -2.64983339e-02]\n",
      " [ 4.02263369e-02 -2.16178724e-02  2.07536441e-02 -1.33958366e-02\n",
      "   1.20155312e-02  1.00000000e+00  1.77507175e-02 -7.63443404e-05\n",
      "  -2.22027856e-02  5.88893662e-02 -5.81114153e-03 -2.12120044e-02\n",
      "   3.30905903e-02 -3.33105655e-02  8.14275237e-03 -4.82186109e-03\n",
      "  -7.02847477e-03  3.57407035e-02]\n",
      " [-6.67754382e-04 -3.61406496e-02 -3.91271054e-02 -4.93853390e-03\n",
      "  -1.36677118e-02  1.77507175e-02  1.00000000e+00 -5.60763384e-03\n",
      "   6.64085252e-02 -1.38722891e-02 -2.05443417e-02  2.32519260e-02\n",
      "   3.19895126e-02  2.18925820e-02 -3.24667607e-02 -2.04018366e-02\n",
      "   1.53463061e-02 -5.92589690e-03]\n",
      " [-4.54788962e-02 -8.98290657e-03  3.49020459e-03  1.53515896e-02\n",
      "  -2.06536560e-02 -7.63443404e-05 -5.60763384e-03  1.00000000e+00\n",
      "  -9.00283586e-03  9.14885378e-03  1.20978221e-02  5.69768589e-02\n",
      "   2.54069511e-02 -6.04288686e-03 -8.87334683e-02 -5.04431000e-02\n",
      "   1.85796929e-02 -9.28524591e-03]\n",
      " [ 2.99224870e-02 -2.26499587e-02 -1.22725805e-02  1.24449896e-02\n",
      "  -3.16010623e-02 -2.22027856e-02  6.64085252e-02 -9.00283586e-03\n",
      "   1.00000000e+00 -2.00489597e-01  2.93227271e-02  2.22060383e-02\n",
      "  -2.79524727e-02  1.48393382e-03  7.85226359e-03 -3.63042372e-02\n",
      "   7.39672466e-02 -1.08244394e-02]\n",
      " [ 1.64288219e-02  1.47713954e-02  1.72707190e-02  3.58862271e-02\n",
      "  -9.82361971e-03  5.88893662e-02 -1.38722891e-02  9.14885378e-03\n",
      "  -2.00489597e-01  1.00000000e+00  1.55204322e-02 -2.66697841e-02\n",
      "   3.36533600e-02  6.40390467e-02  1.79926708e-03  3.75019622e-02\n",
      "  -2.24123525e-02  1.02167469e-02]\n",
      " [-7.36498061e-03 -3.40517948e-02  1.15487812e-02  1.17180308e-02\n",
      "  -4.24896900e-02 -5.81114153e-03 -2.05443417e-02  1.20978221e-02\n",
      "   2.93227271e-02  1.55204322e-02  1.00000000e+00  4.00677454e-02\n",
      "  -2.58522245e-02  3.71659637e-02 -6.75018943e-03 -2.25882645e-02\n",
      "  -4.56037840e-02 -1.92947430e-02]\n",
      " [-1.37442453e-02  9.45457092e-03  2.86876400e-02  3.03275001e-03\n",
      "  -5.94973069e-02 -2.12120044e-02  2.32519260e-02  5.69768589e-02\n",
      "   2.22060383e-02 -2.66697841e-02  4.00677454e-02  1.00000000e+00\n",
      "  -3.68238259e-01  1.47944382e-02 -1.21173112e-02  3.39456838e-02\n",
      "  -2.21798426e-02  7.97562599e-03]\n",
      " [-6.04923531e-03 -7.90220452e-02  3.91889785e-03  2.25330500e-02\n",
      "   3.18246094e-02  3.30905903e-02  3.19895126e-02  2.54069511e-02\n",
      "  -2.79524727e-02  3.36533600e-02 -2.58522245e-02 -3.68238259e-01\n",
      "   1.00000000e+00 -3.37302436e-03  1.54729906e-02 -5.66518271e-02\n",
      "   1.63607660e-02  5.83850931e-02]\n",
      " [-2.32225130e-02  1.41080577e-02  2.19558804e-02 -3.41081704e-04\n",
      "   1.46167173e-02 -3.33105655e-02  2.18925820e-02 -6.04288686e-03\n",
      "   1.48393382e-03  6.40390467e-02  3.71659637e-02  1.47944382e-02\n",
      "  -3.37302436e-03  1.00000000e+00 -4.31938302e-01 -4.40888297e-02\n",
      "   2.21485262e-02 -4.57106764e-04]\n",
      " [-1.21469897e-02  6.78206325e-03  2.15805547e-02 -2.98532502e-03\n",
      "  -5.83326658e-02  8.14275237e-03 -3.24667607e-02 -8.87334683e-02\n",
      "   7.85226359e-03  1.79926708e-03 -6.75018943e-03 -1.21173112e-02\n",
      "   1.54729906e-02 -4.31938302e-01  1.00000000e+00  4.74585714e-02\n",
      "  -1.83483104e-02 -1.32990494e-02]\n",
      " [ 3.23301764e-02 -1.43275041e-03  4.30624317e-02  3.37392579e-02\n",
      "  -3.00817476e-02 -4.82186109e-03 -2.04018366e-02 -5.04431000e-02\n",
      "  -3.63042372e-02  3.75019622e-02 -2.25882645e-02  3.39456838e-02\n",
      "  -5.66518271e-02 -4.40888297e-02  4.74585714e-02  1.00000000e+00\n",
      "  -3.94725685e-01 -2.90413282e-02]\n",
      " [ 1.77507353e-02 -1.83606774e-02 -1.26569847e-02 -5.28900193e-02\n",
      "   4.28052113e-02 -7.02847477e-03  1.53463061e-02  1.85796929e-02\n",
      "   7.39672466e-02 -2.24123525e-02 -4.56037840e-02 -2.21798426e-02\n",
      "   1.63607660e-02  2.21485262e-02 -1.83483104e-02 -3.94725685e-01\n",
      "   1.00000000e+00  3.96041294e-02]\n",
      " [ 4.95666335e-04 -1.66758883e-02 -2.14500423e-02  6.54923587e-03\n",
      "  -2.64983339e-02  3.57407035e-02 -5.92589690e-03 -9.28524591e-03\n",
      "  -1.08244394e-02  1.02167469e-02 -1.92947430e-02  7.97562599e-03\n",
      "   5.83850931e-02 -4.57106764e-04 -1.32990494e-02 -2.90413282e-02\n",
      "   3.96041294e-02  1.00000000e+00]]\n"
     ]
    }
   ],
   "source": [
    "mcov = np.cov(df_escal, rowvar = False) # aqui a escolha de usar numpy no lugar de df.cov() é para facilitar as operações com a matriz cov para calcular os autovetores/valores\n",
    "print(mcov) # a saída é um n-dimensional array e não um dataframe"
   ]
  },
  {
   "cell_type": "markdown",
   "id": "c823bf7d",
   "metadata": {},
   "source": [
    "### Cálculos dos Autovetores e Autovalores"
   ]
  },
  {
   "cell_type": "code",
   "execution_count": 13,
   "id": "93466ee5",
   "metadata": {},
   "outputs": [
    {
     "data": {
      "text/plain": [
       "array([[-0.03192655, -0.03061418, -0.00403085,  0.02605573,  0.1553094 ,\n",
       "        -0.57814677,  0.30976568,  0.17964527,  0.00367872,  0.14541542,\n",
       "         0.51264969, -0.12025567, -0.27803396,  0.32978884, -0.1221519 ,\n",
       "        -0.05751997,  0.04959206,  0.07458921],\n",
       "       [-0.0504836 ,  0.10378841, -0.02251135, -0.29480252,  0.43909613,\n",
       "        -0.00602761, -0.13177373,  0.1853572 ,  0.04166964, -0.14212891,\n",
       "         0.32502553,  0.3195263 ,  0.63779883,  0.03939205, -0.05170834,\n",
       "        -0.06139866, -0.08663986, -0.0523068 ],\n",
       "       [-0.0705772 ,  0.05092288,  0.07653289, -0.13915164,  0.12033338,\n",
       "         0.17146889,  0.60240015, -0.35790915,  0.20851903, -0.14467372,\n",
       "        -0.0853833 ,  0.54172221, -0.19970301,  0.08624939, -0.07905954,\n",
       "         0.06595335,  0.08435779, -0.04623835],\n",
       "       [-0.06614806,  0.01728402,  0.12111645,  0.16572056, -0.28631717,\n",
       "         0.17661702,  0.06592831, -0.09486836,  0.36633559,  0.70239956,\n",
       "         0.27788933,  0.07266185,  0.26313001, -0.13208059, -0.16424759,\n",
       "         0.04103689, -0.03186617,  0.01571605],\n",
       "       [ 0.13984889, -0.06876428,  0.10611429, -0.11242771,  0.43584894,\n",
       "         0.16095174,  0.07222486, -0.40297268,  0.03964301,  0.25486419,\n",
       "        -0.18956426, -0.46181645,  0.17598781,  0.43711219,  0.15061971,\n",
       "        -0.05734319,  0.00790951,  0.06729127],\n",
       "       [-0.01246866, -0.11610829,  0.10548313, -0.14861754, -0.17921841,\n",
       "        -0.45536402,  0.26598024, -0.43037884, -0.07708273, -0.19710508,\n",
       "        -0.00475831, -0.25932298,  0.36440339, -0.45056229, -0.07884008,\n",
       "         0.00531414, -0.04580614,  0.03874089],\n",
       "       [ 0.09927569,  0.00969737, -0.06718507,  0.30299201, -0.12143103,\n",
       "        -0.30257902, -0.26098074, -0.35985962, -0.42689988,  0.14436846,\n",
       "        -0.13122489,  0.42991472,  0.16749202,  0.35094252, -0.14689017,\n",
       "         0.10302524,  0.01055146,  0.03426323],\n",
       "       [ 0.11717533,  0.09829485, -0.00440378, -0.07899576, -0.36247623,\n",
       "         0.34338166, -0.10754402, -0.30623581, -0.0789782 , -0.35578215,\n",
       "         0.60015223, -0.12508073, -0.0256035 ,  0.23835226,  0.08964762,\n",
       "         0.10466169, -0.01051189,  0.17460612],\n",
       "       [ 0.09361841,  0.01904391, -0.38514567,  0.50731563,  0.08694286,\n",
       "        -0.05761419,  0.20346751, -0.0446108 ,  0.11574427, -0.05361286,\n",
       "         0.11886356,  0.06052383,  0.17249085, -0.10416585,  0.66150432,\n",
       "        -0.06031255,  0.10403392, -0.06468367],\n",
       "       [-0.03517131,  0.00265826,  0.39326876, -0.44282093, -0.25161247,\n",
       "        -0.13683799, -0.00702466,  0.0888867 , -0.20391377,  0.241724  ,\n",
       "        -0.00303165,  0.18196066, -0.02174368,  0.06299762,  0.62686669,\n",
       "        -0.01556513,  0.10888791, -0.12405313],\n",
       "       [-0.0175791 ,  0.13513321, -0.01560824,  0.09124692, -0.33163213,\n",
       "         0.14483218,  0.51645292,  0.40346752, -0.24386976, -0.07516389,\n",
       "        -0.20645399, -0.15088303,  0.37929626,  0.33253903, -0.09470471,\n",
       "         0.0773869 , -0.10596415, -0.03534827],\n",
       "       [-0.16663536,  0.50276442, -0.3428165 , -0.19490427, -0.18215128,\n",
       "        -0.08054915, -0.03919051, -0.17325791,  0.05948914,  0.07412777,\n",
       "        -0.07773039, -0.03408036, -0.0691702 ,  0.08237541, -0.01777016,\n",
       "        -0.63079467, -0.21483199, -0.14335355],\n",
       "       [ 0.19792838, -0.50121098,  0.34989746,  0.22991977, -0.05699646,\n",
       "         0.09483009,  0.03090999,  0.02675356, -0.00158475, -0.14291359,\n",
       "         0.07396352,  0.11432015,  0.01124637,  0.06723839, -0.03384065,\n",
       "        -0.61017619, -0.27613569, -0.16456906],\n",
       "       [ 0.41557562,  0.43045919,  0.31594489,  0.11318377,  0.07976407,\n",
       "        -0.06108877,  0.04750086,  0.10327244,  0.03743327, -0.00834568,\n",
       "        -0.08971903,  0.09877147, -0.01929114, -0.1437877 ,  0.05394412,\n",
       "        -0.14032764, -0.11341006,  0.6561764 ],\n",
       "       [-0.43834059, -0.427301  , -0.29006646, -0.14519785, -0.06498973,\n",
       "         0.064713  ,  0.02944376,  0.0311357 , -0.05672714,  0.06723147,\n",
       "        -0.06907868,  0.1048786 ,  0.03770664,  0.04648252,  0.10317595,\n",
       "        -0.14482239, -0.07237329,  0.66772306],\n",
       "       [-0.51348274,  0.16538001,  0.3081639 ,  0.25653164,  0.11409817,\n",
       "        -0.06582273, -0.06278893, -0.08071906,  0.06147806, -0.10302308,\n",
       "         0.00515225, -0.04279045, -0.06916769,  0.05737202,  0.17375921,\n",
       "         0.25166115, -0.63346064, -0.03574688],\n",
       "       [ 0.48039208, -0.17749823, -0.35987185, -0.27694951, -0.02779514,\n",
       "        -0.03517058,  0.07691433,  0.02241648,  0.01112234,  0.15949836,\n",
       "         0.00204464,  0.08138279, -0.11029274, -0.045801  ,  0.06097698,\n",
       "         0.26260287, -0.63293203, -0.05785144],\n",
       "       [ 0.0850671 , -0.08989229,  0.02013406, -0.06144623, -0.27702978,\n",
       "        -0.30066166, -0.20041208,  0.05757879,  0.70573352, -0.24415544,\n",
       "        -0.22923853,  0.02693594,  0.1287451 ,  0.35471751,  0.04708017,\n",
       "         0.09464965,  0.05686004,  0.04607805]])"
      ]
     },
     "execution_count": 13,
     "metadata": {},
     "output_type": "execute_result"
    }
   ],
   "source": [
    "autovalores,autovetores = np.linalg.eig(mcov)\n",
    "#Ordenamento dos autovalores - encontrar o autovalor de maior variância e seu autovetor associado (loadings do PC1)\n",
    "idx = autovalores.argsort()[::-1] # argsort do numpy retorna os indíces que ordenam os valores crescentemente. [::-1] inverte a ordem, retornando os índices descrescentes.\n",
    "autovalores = autovalores[idx]\n",
    "autovetores[:, idx]"
   ]
  },
  {
   "cell_type": "code",
   "execution_count": 14,
   "id": "ffa5b569",
   "metadata": {},
   "outputs": [
    {
     "name": "stdout",
     "output_type": "stream",
     "text": [
      "1.527228573770263 1.4495287481179908\n"
     ]
    }
   ],
   "source": [
    "print(autovalores[0], autovalores[1])"
   ]
  },
  {
   "cell_type": "code",
   "execution_count": 15,
   "id": "d64ab195",
   "metadata": {},
   "outputs": [
    {
     "name": "stdout",
     "output_type": "stream",
     "text": [
      "[-0.03192655 -0.0504836  -0.0705772  -0.06614806  0.13984889 -0.01246866\n",
      "  0.09927569  0.11717533  0.09361841 -0.03517131 -0.0175791  -0.16663536\n",
      "  0.19792838  0.41557562 -0.43834059 -0.51348274  0.48039208  0.0850671 ] [-0.03061418  0.10378841  0.05092288  0.01728402 -0.06876428 -0.11610829\n",
      "  0.00969737  0.09829485  0.01904391  0.00265826  0.13513321  0.50276442\n",
      " -0.50121098  0.43045919 -0.427301    0.16538001 -0.17749823 -0.08989229]\n"
     ]
    }
   ],
   "source": [
    "print(autovetores[:,0], autovetores[:,1])"
   ]
  },
  {
   "cell_type": "markdown",
   "id": "4bd1cf64",
   "metadata": {},
   "source": [
    "## Plotagem PC1 x PC2"
   ]
  },
  {
   "cell_type": "markdown",
   "id": "9233a937",
   "metadata": {},
   "source": [
    "### Cálculo dos componentes principais"
   ]
  },
  {
   "cell_type": "code",
   "execution_count": 16,
   "id": "b605d2b5",
   "metadata": {},
   "outputs": [],
   "source": [
    "df_pca = np.dot(df_escal, autovetores)\n",
    "\n",
    "df_pca = pd.DataFrame(df_pca, columns=[f'PC{i+1}' for i in range (autovetores.shape[1])])"
   ]
  },
  {
   "cell_type": "code",
   "execution_count": 17,
   "id": "57b07af2",
   "metadata": {},
   "outputs": [
    {
     "name": "stdout",
     "output_type": "stream",
     "text": [
      "        PC1       PC2       PC3       PC4       PC5       PC6       PC7  \\\n",
      "0 -0.577844 -2.219673  1.788759  1.250429  0.643060 -0.717258 -0.649661   \n",
      "1  0.746415  1.874382  0.506755  0.392221 -0.924483 -0.070897 -0.922614   \n",
      "2  2.713586 -1.887548 -0.128646 -1.117447 -0.906004  0.225670  0.677464   \n",
      "3 -1.899616 -3.257501  0.618831 -0.639100 -0.590934  0.982991 -0.972977   \n",
      "4 -2.385721 -1.152842  0.634650 -0.147294  0.533396 -0.158393 -0.202966   \n",
      "\n",
      "        PC8       PC9      PC10      PC11      PC12      PC13      PC14  \\\n",
      "0 -0.059945  0.999562 -1.943764 -1.747316 -1.024206 -1.281998 -0.892370   \n",
      "1 -0.901901  1.559867  1.429798  1.079018  1.074365  1.144516 -1.293691   \n",
      "2  0.364817 -1.452653  1.019553 -0.477295 -0.949835 -0.700552  1.845670   \n",
      "3  0.421546 -0.499734 -1.069603 -2.485326 -1.193566  0.737293  1.053288   \n",
      "4 -0.911892  0.552092  2.434343  0.987630 -0.446892  1.396041  0.076875   \n",
      "\n",
      "       PC15      PC16      PC17      PC18  \n",
      "0 -1.123921 -0.394806 -0.260739 -0.541750  \n",
      "1 -0.764390  0.794152  0.830399 -0.538019  \n",
      "2 -0.452530 -1.026601  0.436066  0.169414  \n",
      "3 -0.630943 -1.256082 -1.189999  0.541674  \n",
      "4  0.103056 -1.432501 -0.170031 -0.373958  \n"
     ]
    }
   ],
   "source": [
    "print(df_pca.head())"
   ]
  },
  {
   "cell_type": "markdown",
   "id": "6ad01ee6",
   "metadata": {},
   "source": [
    "### Pegando só PC1 e PC2 para a plotagem"
   ]
  },
  {
   "cell_type": "code",
   "execution_count": 18,
   "id": "fb6f73d1",
   "metadata": {},
   "outputs": [
    {
     "name": "stdout",
     "output_type": "stream",
     "text": [
      "            0         1\n",
      "0   -0.577844 -2.219673\n",
      "1    0.746415  1.874382\n",
      "2    2.713586 -1.887548\n",
      "3   -1.899616 -3.257501\n",
      "4   -2.385721 -1.152842\n",
      "..        ...       ...\n",
      "974 -0.050524  0.327302\n",
      "975  1.508965 -0.869085\n",
      "976 -1.094516  0.994710\n",
      "977 -0.176193 -0.353319\n",
      "978 -0.301194  0.638173\n",
      "\n",
      "[979 rows x 2 columns]\n"
     ]
    }
   ],
   "source": [
    "Z = df_escal @ autovetores[:,:2]\n",
    "print(Z)\n",
    "Z = np.array(Z)"
   ]
  },
  {
   "cell_type": "code",
   "execution_count": 19,
   "id": "7ac19abc",
   "metadata": {},
   "outputs": [
    {
     "name": "stdout",
     "output_type": "stream",
     "text": [
      "17.999999999999993\n",
      "8.484603187612576 %\n"
     ]
    }
   ],
   "source": [
    "print(autovalores.sum())\n",
    "print(f'{100*autovalores[0]/autovalores.sum()} %')"
   ]
  },
  {
   "cell_type": "code",
   "execution_count": 20,
   "id": "1f964577",
   "metadata": {},
   "outputs": [
    {
     "name": "stdout",
     "output_type": "stream",
     "text": [
      "[1.52722857 1.44952875 1.37827319 1.17643522 1.11208577 1.07859784\n",
      " 1.031394   1.0153356  0.99693168 0.98377531 0.97470357 0.94781955\n",
      " 0.92764301 0.88925732 0.7786076  0.6133398  0.58105895 0.53798427]\n"
     ]
    }
   ],
   "source": [
    "print(autovalores)"
   ]
  },
  {
   "cell_type": "code",
   "execution_count": 21,
   "id": "546eed41",
   "metadata": {},
   "outputs": [
    {
     "name": "stdout",
     "output_type": "stream",
     "text": [
      "0      Recuperação\n",
      "1        Excelente\n",
      "2        Reprovado\n",
      "3        Reprovado\n",
      "4      Recuperação\n",
      "          ...     \n",
      "974            Bom\n",
      "975    Recuperação\n",
      "976    Recuperação\n",
      "977    Recuperação\n",
      "978            Bom\n",
      "Name: performance_class, Length: 979, dtype: object\n"
     ]
    }
   ],
   "source": [
    "desempenho = df['performance_class']\n",
    "print(desempenho)"
   ]
  },
  {
   "cell_type": "code",
   "execution_count": null,
   "id": "3604c130",
   "metadata": {},
   "outputs": [
    {
     "data": {
